mut_name,pred
"I283M,N414S",1.0483122
"F109R,N396K",1.0192294
"F109K,N396K",0.9769097
"I283M,I532M",0.7874534
"N396G,K425E",0.753243
"N396K,K425E",0.6749211
"N414S,I532M",0.6363412
"I45S,K425E",0.41574875
"N414S,K543S",0.39216778
"N414S,T422S",0.38152283
"I187T,P416T",0.38039592
"Q13R,S133P",0.38037091
"R263S,C402F",0.38031322
"Q129L,D154E",0.37981504
"L54S,C402F",0.37954822
"D9N,L417W",0.379542
"I301T,D426G",0.3794448
"G345S,F444S",0.3793269
"I251K,Y455N",0.3792363
"K515E,R542M",0.3791549
"D9N,S203Y",0.37899044
"I41F,A130S",0.37817886
"Y40N,L393S",0.37797615
"G345S,S531A",0.37785906
"Q141L,D164V",0.3778572
"I138T,I445V",0.37777868
"P32L,N96S",0.3774543
"K85E,A130S",0.3773633
"P193S,R548S",0.37728956
"I41F,D185V",0.37727436
"D39G,E400G",0.3771804
"G345S,N503K",0.37701386
"I21T,F444S",0.3766897
"A300V,L545I",0.37667206
"I45L,S108P",0.37651077
"S320F,G360R",0.37638035
"Q152K,I408V",0.37626243
"D88N,G265D",0.3762264
"N18I,G218V",0.3755714
"V100I,N118S",0.3752066
"N81Y,V354M",0.37511417
"D185V,V197E",0.3749724
"I158L,I268T",0.3747788
"L280S,L468F",0.37469038
"Y40N,D438N",0.37457818
"E381V,N414K",0.37439045
"N96S,P473L",0.37437195
"D164N,L417W",0.37432206
"D88N,Q129L",0.37411895
"E442K,F528I",0.37410882
"N379D,F512S",0.3735635
"D154E,S502C",0.37356117
"F512Y,R542M",0.37353694
"E47K,D185V",0.37349826
"I283M,A356L",0.37335098
"D9N,N153S",0.37331137
"I113V,P200S",0.3732181
"P394L,L449S",0.37297732
"F22L,I504L",0.37292713
"I251K,G427C",0.372598
"I166V,L413H",0.37252945
"D240G,I301T",0.37246427
"Y30H,I453F",0.37205836
"V493A,D507E",0.37188613
"I187T,A420V",0.37147507
"I6T,I158L",0.37120947
"E275K,D426G",0.37107643
"N255S,D440G",0.3710582
"F109R,A494V",0.37105504
"S133P,A420V",0.3710442
"T71I,V245G",0.37065107
"R404S,F444S",0.3701246
"D487G,F512S",0.36981258
"D88N,M483I",0.36969265
"T2I,I251K",0.36967155
"V368A,N414K",0.3696535
"G218V,I523V",0.36919445
"T115A,N396K",0.36820206
"I301T,S320F",0.36812794
"G218V,V526A",0.3679993
"L79P,R263S",0.36792976
"L413H,A494V",0.36784396
"N153S,I504T",0.36764032
"C402F,I408V",0.36737856
"A130S,V368A",0.36728987
"D164V,A356L",0.36718327
"D164V,K363E",0.3671606
"L417W,I445V",0.36712655
"G218V,F274Y",0.3670811
"V245G,F528S",0.3670782
"A130S,K363E",0.36613828
"D39G,P123L",0.36604813
"Q152K,R548S",0.36597553
"I45L,L545I",0.36590847
"N255S,R548S",0.36589405
"S320F,N503K",0.3656904
"I187T,L468F",0.36568597
"T71I,L93P",0.36542082
"V354M,N379I",0.36507952
"D39G,S142P",0.36474732
"I301T,R404S",0.36472917
"I187T,M554T",0.36466652
"D9N,G411S",0.36459318
"L82H,A482T",0.36434475
"S320F,S537P",0.36426428
"L75P,N81Y",0.36424735
"E442K,F444S",0.36397433
"D67E,V294E",0.36392573
"F42I,A300V",0.36368936
"D477G,I504L",0.36357692
"F48I,N96S",0.36342695
"K85E,D185V",0.36341336
"D164N,E180K",0.3632826
"D28E,M483R",0.36322126
"N18I,N96S",0.36311078
"D67E,K410R",0.363097
"L79P,I453F",0.3630531
"N18I,I453V",0.36290616
"I453F,F512S",0.36277908
"Y40N,I276V",0.36265853
"I21T,P123L",0.36253682
"V245G,N503S",0.36240745
"Q10L,L82H",0.36240646
"R404S,P416T",0.36228743
"N44D,D154E",0.36220106
"I21T,A66T",0.3621904
"D426G,S531Y",0.36190924
"D67E,N551D",0.36174986
"D9N,L246S",0.36157557
"E180K,E442K",0.36153203
"L137P,D164N",0.36134085
"I301V,I540T",0.3613344
"F22L,R404S",0.36068076
"Q10L,S320F",0.3603969
"S370T,N414K",0.3603215
"I138T,D426G",0.360133
"N8S,A300V",0.3601155
"I21T,T114P",0.3600809
"N81Y,F104L",0.3599925
"I6R,I158L",0.35992852
"D9N,P416T",0.35989726
"R404S,G411S",0.3598697
"I187T,E330V",0.3593804
"E180K,S320F",0.35928625
"D9N,E464V",0.35928535
"V245G,I276V",0.35924983
"L82H,S531Y",0.3592438
"I29V,L545I",0.35899955
"A130S,K515R",0.35882568
"I251T,T289S",0.35867485
"V245G,F458S",0.3586182
"D240G,S531Y",0.3586138
"Q15L,F519S",0.3585234
"I187T,I437V",0.35846478
"N153S,I504L",0.3581181
"G360R,D426G",0.3576985
"L413H,V526M",0.357591
"S202T,I276V",0.35744923
"I113V,M317K",0.3573948
"N33D,N118S",0.35726908
"S202T,F512S",0.3565285
"N8S,I504T",0.3562293
"S202T,V245G",0.3558388
"T71I,A479V",0.3557435
"I301T,D544G",0.35571027
"R404S,N503K",0.35535765
"I268T,I532M",0.35520703
"F337L,F519S",0.35504347
"I445F,Q511E",0.35491917
"D154E,V264A",0.3548491
"C402F,I453F",0.35450265
"P416T,D426G",0.354489
"I29V,I301T",0.3544553
"D12G,I504L",0.3544267
"D185V,K363E",0.35441753
"N56D,A130S",0.35434955
"E180K,D426G",0.35419565
"N96S,H430Q",0.35411698
"V245G,D487G",0.35410768
"L75P,L280S",0.35395113
"I29V,K539E",0.35377836
"N118D,S320F",0.35371128
"Q3R,D164N",0.35367215
"D12G,L413H",0.3535417
"D331V,K397N",0.35301298
"D28E,E189G",0.35280526
"P200S,A300V",0.3527531
"I283M,M483I",0.3527155
"D185V,A356L",0.35268828
"I113T,V245G",0.3526545
"L82H,L417W",0.35260233
"N8S,R548S",0.35258707
"L105P,R542M",0.3525559
"L82H,I301T",0.35223
"N237D,F519S",0.3520755
"F109R,Q152K",0.3520601
"L199P,D240G",0.35105482
"D240G,F444S",0.35091206
"L54S,A494V",0.35066402
"I251K,L278F",0.35042453
"P193S,L413H",0.3503707
"Q15L,R404S",0.35024202
"D441G,F512S",0.35015735
"F42I,D440G",0.35012227
"S320F,G411S",0.35009485
"E442K,E464V",0.35001296
"L413H,S531A",0.349563
"A300V,D477G",0.34937721
"C244W,Q282L",0.34916824
"D164N,K525E",0.34913334
"N8S,L82H",0.34869727
"F48Y,R542M",0.34825227
"F22L,D426G",0.34807155
"N44D,D88N",0.3479046
"I21T,L199P",0.3477582
"S320F,E464V",0.34766224
"I138T,I187T",0.3475025
"V354M,D544G",0.34750187
"D9N,M554T",0.34749544
"Q10L,D426G",0.34747922
"L417W,F519S",0.34731835
"I6R,R548S",0.34727633
"T71I,I453F",0.34707633
"L54S,L199P",0.34706512
"T2I,F519S",0.34675795
"P193S,I408V",0.34675398
"Q225R,N414K",0.346498
"S142P,R542M",0.346446
"I45G,I540T",0.34640318
"I268T,I445F",0.3463711
"I6R,A300V",0.34634942
"L278F,L449S",0.34629753
"L79P,D438N",0.34628925
"N18I,L449S",0.34612837
"D331V,A488T",0.34607604
"D39G,S505T",0.34602517
"E275K,D544G",0.3460113
"L54S,N255S",0.34556487
"I187T,S531Y",0.34540573
"N379I,S537P",0.34531417
"I301T,D440G",0.34511888
"I138T,R404S",0.34506014
"E47K,I251K",0.34503677
"F42I,F458S",0.34495658
"I251T,E451G",0.34458458
"L199P,S320F",0.34435257
"F109K,Q152K",0.34429216
"I113V,I270L",0.34416792
"T114P,D440G",0.34415832
"A130S,V223E",0.34410205
"D154E,L553F",0.34377825
"D9N,L105P",0.34374517
"F337L,N379I",0.34370428
"V139I,I251T",0.34362692
"G345S,A550E",0.3435188
"L93I,I453F",0.34339812
"L54S,N153S",0.34330052
"F519S,K525E",0.3432264
"L75P,S133P",0.34320763
"I437V,D544G",0.34315887
"S133P,A494V",0.34303424
"N8S,F109R",0.34291875
"N8S,I113V",0.34287027
"I6R,L54S",0.34260517
"I251T,S261G",0.34249508
"Y40N,I113T",0.3424818
"N396K,K410R",0.34228632
"N118D,D426G",0.34225637
"L449S,R546G",0.34206218
"A130S,Q282L",0.34198728
"L93P,I540T",0.34185728
"P32L,R542M",0.34175676
"I113T,L280S",0.3415772
"L468F,R548S",0.3414951
"K149E,I251T",0.34132174
"V139I,F519S",0.34121984
"N118S,K147I",0.34118414
"Q152K,L280S",0.34102046
"S108T,D164N",0.34072858
"Y40N,I158L",0.34045777
"P394L,F519S",0.34017816
"I29V,M317K",0.34001878
"D426G,A550E",0.33978477
"I45L,N237D",0.33932167
"L79P,I445F",0.3391181
"I113V,I437V",0.3390465
"P416T,F519S",0.33900392
"I29V,A482T",0.33881137
"P200S,L413H",0.33878887
"I21T,F337L",0.33850718
"G218V,P492S",0.33848864
"D240G,I270L",0.33812487
"I158L,Q511E",0.3380694
"Q10L,D240G",0.33797294
"L54S,K539E",0.33775747
"L105P,F519S",0.33770445
"R143C,C244W",0.33758798
"L54S,F528I",0.33749068
"D39G,H430Q",0.33744857
"M382V,R542M",0.3373
"D9N,A66T",0.33721042
"A420V,I453F",0.33706775
"D12G,R548S",0.33696774
"D240G,L246S",0.33695117
"I268T,I532T",0.33686763
"S133P,I532T",0.33661813
"N96S,T267S",0.336339
"I242A,I283M",0.3359959
"P462R,D507E",0.335895
"N118S,G435R",0.3357652
"D9N,S142P",0.33576298
"I453V,K543M",0.33571404
"F48S,D440G",0.3355452
"I138T,D544G",0.33547637
"S24T,D426G",0.33540043
"L246S,G345S",0.33523774
"Q129L,I251K",0.33507663
"C286Y,F512S",0.335013
"F274I,L449S",0.33498672
"D240G,E464V",0.33489174
"Q13R,I158L",0.33477962
"I187T,S203Y",0.3347202
"P32L,D39G",0.33468705
"N96S,P536L",0.33388925
"I301V,E442K",0.33388367
"I45L,G60D",0.33380753
"T422M,L449S",0.333623
"Q152K,Q511E",0.33353484
"Q3R,N414Y",0.33349505
"N81Y,F512Y",0.33317718
"N81Y,N237D",0.333025
"I45L,M382V",0.33294868
"N255S,I408V",0.33289376
"G360R,D544G",0.3327456
"I301T,G345S",0.33263174
"Q13R,Y40N",0.332618
"I45G,D440G",0.33257288
"L54S,L246S",0.33217916
"D240G,L417W",0.33186653
"D28E,H216L",0.33181086
"L82H,I437V",0.3317184
"V5A,I21T",0.3316779
"Q225R,I251K",0.3315657
"R542M,R546G",0.33154562
"Y30H,D487G",0.33125982
"A479V,D487G",0.33123192
"T140S,F519S",0.33117488
"D438N,F458S",0.3307518
"R263S,V526M",0.33057898
"D67E,E364G",0.33045852
"N18K,G345S",0.3299706
"F22L,D240G",0.32984403
"F109S,D240G",0.3297403
"L393S,I408V",0.32973152
"C402F,N503S",0.3295506
"D185V,V223E",0.3293177
"L199P,R404S",0.32897514
"A66T,D164N",0.3289133
"I45L,P473L",0.3287728
"I283M,S514T",0.32873178
"N81D,D507E",0.3286978
"L137P,F519S",0.32856655
"Q3R,I445V",0.32823047
"D440G,S537P",0.3279184
"A66T,N379I",0.32787275
"L79P,S202T",0.32775557
"A130S,L553F",0.32763374
"I113V,P416T",0.3272492
"I29V,S531Y",0.3270539
"A300V,M317K",0.32703477
"G345S,S531Y",0.3269843
"N81Y,L246S",0.32691318
"R404S,K515E",0.32680392
"L93I,I540T",0.32662702
"I270L,D544G",0.32639402
"N153S,L413H",0.32626468
"D28E,V294E",0.32622176
"L280S,C286Y",0.3258309
"P416T,D544G",0.3257009
"N379I,P394L",0.32569364
"L54S,I532T",0.32553697
"N96S,V377M",0.32552588
"E47K,G218V",0.32503384
"I41T,D154E",0.3246912
"A300V,N503K",0.32457623
"F22L,D544G",0.32448274
"I138T,D440G",0.324408
"D164G,F512S",0.32414332
"D39G,K425E",0.3240908
"L79P,I276V",0.3240002
"F48L,L449S",0.32385322
"I445F,F458S",0.3238106
"D39G,F337L",0.323733
"T71I,A494V",0.3236778
"I138T,G345S",0.3230492
"N8S,F512S",0.3230049
"Q10L,I113V",0.32292897
"Q141L,G218V",0.32287437
"N379I,I437V",0.32285434
"N8S,I29V",0.32283136
"I45G,R404S",0.3223575
"N379D,A479V",0.3221874
"L468F,L545I",0.32199487
"G345S,P416T",0.32186064
"N18K,E442K",0.3216361
"G60D,N414Y",0.32161498
"Q13R,F512S",0.3215787
"G60D,F519S",0.32157573
"Y40N,C286Y",0.32155424
"L449S,S505T",0.32147902
"I270L,I408V",0.32133487
"Y30H,L93P",0.32107198
"L82H,L105P",0.321001
"D88N,K515R",0.32063654
"D67E,K147I",0.32023084
"D39G,T431A",0.31998348
"E275K,A300V",0.31991893
"F22L,A300V",0.3199076
"T71I,N153S",0.31965414
"I21T,S499T",0.3191678
"N96S,R546G",0.31902575
"F249Y,L413H",0.31898516
"L137P,D240G",0.31882238
"I158L,P188T",0.31853503
"T114P,L280S",0.31846425
"I21T,P32L",0.31844473
"I113V,F444S",0.31818452
"F109S,D544G",0.31810576
"I408V,A482T",0.31792405
"Q15L,D240G",0.31789747
"L54S,E180K",0.31786233
"S24T,L82H",0.31775782
"V245G,D477G",0.3176825
"L93P,D438N",0.31738895
"N96S,A112P",0.3173278
"N8S,L413H",0.31721246
"P123L,I504T",0.3171215
"I29V,V354M",0.31709528
"L82H,N118D",0.31692666
"F42Y,I453F",0.31692436
"Q511E,I532M",0.31669933
"T114P,R548S",0.31643897
"S133P,K539E",0.3163926
"N81Y,M382V",0.31632584
"E464V,I504L",0.31622633
"D544G,A550E",0.3161566
"L417W,D544G",0.31605676
"L35P,N414Y",0.31595057
"N255S,I540T",0.31585765
"D9N,K287E",0.31572613
"I504L,M554T",0.31566542
"Y40N,V526M",0.31564325
"I45S,Q225R",0.31550786
"A66T,R404S",0.31524462
"F22L,I187T",0.31503868
"Y30H,Q511E",0.3148616
"L82H,E464V",0.31484017
"S116P,G218V",0.31463504
"I21T,L137P",0.31457874
"R404S,A550E",0.31434432
"G345S,K525E",0.31429195
"E125K,R404S",0.3142544
"C286Y,F528S",0.31424597
"F528S,I532M",0.313829
"Y40N,F42I",0.3137754
"H430Q,R542M",0.31346828
"Y40N,L75P",0.31343278
"L35P,D426G",0.31339613
"L93I,I276V",0.3131324
"V354M,I504L",0.3130423
"F109K,A420V",0.3130262
"I270L,D440G",0.3128407
"D426G,M554T",0.31264952
"D39G,V377M",0.31263945
"I187T,E275K",0.31224787
"V526A,R542M",0.31212744
"N96S,T431A",0.31202683
"R25G,D154E",0.3119477
"L137P,I445V",0.31193396
"S24T,D544G",0.31174785
"F104L,I504L",0.31133354
"S133P,V354M",0.31128496
"S203Y,G345S",0.3111404
"L105P,I445V",0.31103888
"V145A,I283M",0.31097457
"K539E,I540T",0.31095883
"D154E,Q282L",0.31084168
"D426G,F528L",0.31066898
"A66T,E442K",0.31049114
"M409L,N414Y",0.31037885
"E400G,I445V",0.3103339
"G218V,K510E",0.31029585
"N237D,G345S",0.31016132
"N118S,N255D",0.30976835
"D67E,G374C",0.30959034
"I113V,G411S",0.30941117
"L93P,I276V",0.30908814
"N8S,T71I",0.3086973
"L105P,D426G",0.30866602
"I187T,S505T",0.308666
"V100I,D507E",0.30860835
"I158L,E330V",0.30843318
"L82H,S108T",0.3083176
"C286Y,F458S",0.30824795
"L82H,K525E",0.30814704
"N255S,F528S",0.3079859
"I301V,L413H",0.30789948
"P416T,E442K",0.3077958
"D39G,V497E",0.30774757
"K425E,R542M",0.3075342
"I41F,I251T",0.30710247
"S133P,S537P",0.30683127
"L468F,I540T",0.30677778
"D164G,D438N",0.30625993
"F22L,D440G",0.3061976
"V290G,N396G",0.30618578
"N96S,L443P",0.30612788
"N153S,I408V",0.3057439
"S108P,S133P",0.30565307
"G218V,L278F",0.30554178
"L413H,S537P",0.30541646
"Y30H,I532M",0.30538353
"I113V,L417W",0.30525175
"S142P,F519S",0.30481997
"L35P,S320F",0.3044932
"S133P,N153S",0.30448565
"V245G,A420V",0.30446973
"D487G,L545I",0.30436933
"N96S,Y455N",0.30431834
"G60D,N81Y",0.3041713
"I268T,Q511E",0.3041619
"K149E,L449S",0.30411133
"Q152K,D487G",0.30407235
"I138T,N379I",0.30398044
"R404S,F512Y",0.30395505
"D88N,K484R",0.30387843
"L417W,D440G",0.30367723
"D438N,L545I",0.30362964
"S133P,G360R",0.30356774
"N96S,G111A",0.30352062
"I187T,K525E",0.3034678
"F519S,M554T",0.30331784
"A77T,D426G",0.30329782
"S202T,I532T",0.30327806
"S203Y,E442K",0.30318707
"I45L,K425E",0.3031064
"P416T,I540T",0.30289245
"G345S,E400G",0.30257258
"K85E,G218V",0.3024379
"A420V,D487G",0.30221248
"Y40N,A494V",0.3020505
"T431A,R542M",0.30203715
"G218V,M483I",0.30184507
"N8S,S133P",0.30184054
"D164G,F528S",0.30180112
"Q13R,D441G",0.30166864
"I21T,K425E",0.30160153
"I270L,A300V",0.30103186
"F274I,F519S",0.30092692
"C244W,N406D",0.3008271
"I453F,K539E",0.30077627
"D28E,Y455H",0.30076414
"I187T,G360R",0.3005066
"S24T,D440G",0.30039728
"L75P,R548S",0.30030343
"S320F,F512Y",0.30005231
"S261G,L449S",0.29984543
"C402F,F458S",0.29978025
"G111A,R542M",0.29971847
"R143C,I251K",0.29947472
"C286Y,I532M",0.2992268
"L93I,D477G",0.29917496
"I113V,M554T",0.2991416
"I283M,V446A",0.29906806
"I21T,V526A",0.29889256
"L105P,G345S",0.298684
"Q13R,L93P",0.29853064
"N81Y,K287E",0.29834402
"I6T,I166T",0.298306
"I158L,N255S",0.2982147
"S320F,M554T",0.297812
"T289S,R404S",0.29767075
"F22L,R263S",0.29758704
"F42Y,I268T",0.29744244
"E381V,L449S",0.29741737
"F42Y,S202T",0.29723114
"R263S,M317K",0.2972055
"C286Y,D487G",0.29704458
"P536L,R542M",0.29689258
"I6R,F109K",0.29664868
"L280S,K539E",0.29656708
"I504L,A550E",0.29638153
"I6T,L54S",0.29624587
"L105P,R404S",0.29618558
"L54S,P188T",0.29608616
"L75P,I408V",0.29605573
"L54S,G411S",0.29581767
"P123L,D426G",0.2957321
"K287E,I504T",0.29547313
"I166V,F512S",0.2954279
"I29V,E180K",0.2952605
"E275D,N396G",0.295243
"D240G,E400G",0.29511252
"S320F,E400G",0.29501525
"D164V,K484R",0.2949571
"S203Y,I408V",0.2949056
"F22L,R548S",0.29431406
"E442K,K515E",0.29426223
"A77T,E442K",0.2942422
"T71I,P200S",0.29391986
"G218V,Q225R",0.2939198
"D88N,S514T",0.29391214
"T289S,N379I",0.29390275
"I523V,R542M",0.29377273
"S24T,N379I",0.293749
"V184E,D185V",0.2936582
"N8S,I408V",0.29365584
"F22L,I158L",0.29357696
"D441N,I453V",0.29354638
"F42Y,I445F",0.2928736
"N8S,F458S",0.29276377
"N8S,I187T",0.29240432
"I453V,V496A",0.29194814
"S202T,A420V",0.29192403
"I453V,V496G",0.29187396
"I268T,A479V",0.2917597
"N81Y,V139I",0.29152873
"K287E,D426G",0.29147628
"T71I,L468F",0.29147345
"L35P,R404S",0.29136392
"Q10L,R548S",0.29122657
"F109S,R548S",0.29118893
"I29V,L417W",0.29113182
"C244W,S514T",0.29103276
"S142P,D240G",0.29088327
"L75P,I187T",0.29070598
"T115S,D440G",0.29045302
"N96S,Q511R",0.29037482
"Y40N,F48S",0.29028893
"D28E,A488T",0.28996247
"R25G,D185V",0.28946134
"D39G,G60D",0.2893939
"Q10L,I408V",0.28912872
"D39G,G111A",0.28891557
"F48Y,D240G",0.2888614
"G345S,M554T",0.28868145
"Q10L,A300V",0.28853476
"N81Y,R263G",0.28852794
"I158L,P200S",0.2875703
"I251K,V480A",0.2875196
"E180K,R263S",0.28750572
"V245G,I532T",0.28742307
"D507E,N524D",0.28741765
"E442K,A479G",0.28737578
"S202T,D477G",0.2871831
"T71I,D477G",0.28712896
"I453F,S531Y",0.28706732
"D12G,I276V",0.28704354
"L393S,I445F",0.28693846
"P32L,R404S",0.28672275
"D9N,K425E",0.286608
"P193S,A479V",0.28640196
"I268T,F528S",0.28615472
"F104L,D240G",0.2861254
"F109R,I301T",0.2859147
"I270L,R548S",0.28581303
"M382V,D426G",0.28572503
"N56D,I453V",0.2857058
"F337L,E442K",0.28556478
"L93P,T114P",0.28549153
"D39G,Y455N",0.28547934
"L393S,D487G",0.28530636
"S133P,A550E",0.28524578
"L79P,L137P",0.28522712
"F42Y,L280S",0.28521228
"Y30H,F42I",0.28510258
"D9N,V526A",0.28507245
"F249L,F519S",0.28506306
"P200S,F458S",0.28491008
"L79P,A420V",0.28489465
"P394L,D426G",0.28478518
"T115S,I504L",0.2846292
"G411S,L413H",0.2845477
"T267S,R542M",0.2842352
"F201Y,L449S",0.28401837
"Y40N,N414D",0.2839727
"N96S,E381V",0.2838365
"I251K,L553F",0.2836923
"Q511E,S531A",0.28354135
"Y40N,L246S",0.28329533
"D164N,V526A",0.28329256
"G345S,P473L",0.28314766
"T267S,F519S",0.28302068
"I408V,P416T",0.28284624
"Q10L,L54S",0.28279117
"D185V,K484R",0.2827292
"V354M,I453F",0.28272384
"L413H,A550E",0.28235754
"F337L,R404S",0.2821776
"I113V,L246S",0.28204593
"L280S,V354M",0.28185925
"D12G,D487G",0.28180784
"D240G,K287E",0.2817474
"N96S,V497E",0.28168434
"L82H,E400G",0.28134286
"V197E,L449S",0.28121692
"Y40N,K539E",0.28119203
"Y30H,D164G",0.28118077
"L35P,L54S",0.28041095
"L199P,L545I",0.2800963
"N414D,A420V",0.2800756
"S108P,I187T",0.27965975
"L413H,L417W",0.27952793
"I6R,D487G",0.27950972
"L246S,L413H",0.27943963
"I45G,I453F",0.27942932
"I408V,L417W",0.27890864
"E400G,D544G",0.2788307
"S108T,D440G",0.27881643
"N81D,A130S",0.278783
"R404S,P473L",0.27868244
"L35P,D440G",0.27864444
"F22L,L413H",0.2785933
"L93P,A420V",0.27837348
"A482T,F512S",0.2782951
"L82H,A479G",0.27788994
"A77T,D544G",0.2777854
"V139I,E442K",0.27770454
"F109R,A550E",0.27769023
"Q511E,L545I",0.27766097
"Q13R,N503S",0.27750647
"S320F,M382V",0.27706614
"S133P,I301V",0.27693802
"D9N,V139I",0.27682412
"F512S,K539E",0.27640504
"F104L,D544G",0.27639645
"T2I,N379I",0.27636787
"F42Y,D438N",0.27636266
"K149E,R542M",0.27633002
"D164G,D477G",0.27631932
"E451G,F519S",0.2762012
"E275K,N503S",0.27593327
"S142P,G345S",0.27592754
"S203Y,L413H",0.27525792
"L79P,C286Y",0.27522102
"Y30H,N153S",0.27509356
"D9N,G60D",0.2750932
"F48S,L280S",0.2750364
"I268T,L280S",0.27495766
"P416T,R548S",0.27485496
"V245G,N255S",0.2744763
"L93P,I158L",0.27441168
"D438N,S531A",0.27417186
"D28E,E364G",0.2740284
"P193S,D438N",0.2740163
"D154E,K484R",0.27400604
"I158L,A482T",0.2738577
"I6R,L79P",0.27368477
"F109R,I138T",0.27340668
"F42I,N379D",0.2734
"I276V,L545I",0.2731385
"D240G,P394L",0.27293852
"F48Y,G345S",0.2728928
"N18I,D39G",0.27263674
"Q13R,I268T",0.27260557
"V377M,F519S",0.2725278
"F22L,L82H",0.2723366
"N379D,D438N",0.2722802
"F458S,V526M",0.2720992
"Q152K,I268T",0.27202803
"S142P,E442K",0.2719757
"G427C,L449S",0.27176842
"V5A,I187T",0.27166754
"I6T,A479V",0.27163637
"F274I,R542M",0.27153227
"Y235C,C244W",0.27144337
"N81Y,P536L",0.27131093
"I29V,F512Y",0.2710526
"T2I,E442K",0.27088404
"L82H,T140S",0.27088383
"G360R,I540T",0.2708324
"L79P,C402F",0.27076426
"D154E,V446A",0.27058828
"F444S,N503S",0.27058315
"L35P,N379I",0.27055275
"F519S,P536L",0.2704423
"E180K,I408V",0.27032298
"L82H,K287E",0.27024898
"F104L,I187T",0.27019757
"E275K,L280S",0.2698386
"S202T,A494V",0.26982048
"D154E,K336E",0.2697686
"I45S,V480A",0.26930398
"L280S,I532T",0.26924488
"F48Y,L82H",0.26922002
"P32L,S320F",0.2691953
"L199P,A300V",0.2690171
"T2I,R542M",0.2690072
"V159I,R542M",0.26900235
"I540T,M554T",0.2686027
"F528I,L545I",0.2685691
"P123L,D544G",0.26852
"V526M,L545I",0.26849738
"L280S,N379D",0.26848742
"Q15L,I408V",0.26839277
"D440G,A479G",0.26836768
"P200S,A479V",0.2681881
"I21T,T431A",0.26815662
"Y30H,I166V",0.26802358
"T289S,E442K",0.267923
"D438N,V526M",0.26790795
"D487G,S531A",0.26768938
"L93I,N379D",0.2676777
"L75P,V245G",0.2675264
"E400G,D440G",0.2674839
"L79P,K539E",0.2674767
"F22L,F528S",0.2673124
"N96S,G265D",0.26730594
"F274Y,I445V",0.26729637
"D154E,K309Q",0.26709637
"R263G,D440G",0.2667793
"Q152K,A479V",0.2666313
"D12G,F458S",0.26660204
"I408V,G411S",0.26650703
"L468F,F512S",0.26638404
"L199P,R548S",0.26628572
"N81Y,R546G",0.26599225
"F109R,L417W",0.2659061
"N96S,A356L",0.2659038
"A66T,A300V",0.26581046
"T529P,R542M",0.2657864
"A130S,W428R",0.265692
"F104L,A300V",0.26564896
"Y40N,F42Y",0.26554978
"S133P,L137P",0.26551303
"A77T,D440G",0.26521695
"D9N,I523V",0.2651372
"V377M,N414Y",0.26508465
"N81Y,S505T",0.26474914
"I21T,M409L",0.26470473
"S133P,L246S",0.2645279
"A300V,L417W",0.2642469
"N503S,K539E",0.2641875
"I21T,F274L",0.26413745
"Q152K,N503S",0.2641165
"T71I,F444S",0.26402947
"D88N,V493A",0.26393658
"D12G,S202T",0.2639311
"K287E,D544G",0.2639255
"D39G,V197E",0.26390317
"L82H,V139I",0.26362598
"T114P,V245G",0.26355198
"N379I,H430Q",0.26332313
"A130S,N555D",0.263308
"N118D,I158L",0.26316
"D240G,R546G",0.26308727
"V245G,M317K",0.262792
"I242A,I251K",0.26270187
"N33I,G345S",0.2626967
"K425E,I504T",0.26264963
"F22L,F458S",0.2624581
"L468F,D487G",0.2621608
"S202T,L468F",0.26190743
"T115S,L413H",0.261724
"F109R,F337L",0.26171863
"F109K,N153S",0.2616552
"I113T,L545I",0.26161087
"I187T,R546G",0.26129955
"A77T,I504L",0.2609578
"G111A,N414Y",0.26070896
"Q3R,I504L",0.26070443
"I187T,L199P",0.26060525
"D240G,H430Q",0.26054728
"D9N,F337L",0.26047996
"D9N,G111A",0.26030886
"G60D,I504T",0.26027352
"S320F,P473L",0.26014447
"D88N,N406D",0.2601142
"S24T,I453F",0.25995034
"Q13R,C402F",0.25994247
"S142P,I187T",0.2599344
"I138T,I453F",0.25992626
"L393S,D477G",0.25984335
"L93I,P193S",0.25972965
"E330V,A494V",0.25967234
"F201Y,I445V",0.25928473
"T71I,G411S",0.25921494
"N8S,N153S",0.259204
"P200S,D487G",0.25909048
"I276V,I437V",0.25891012
"F274L,N379I",0.25826812
"A77T,I187T",0.25821826
"I21T,K149E",0.25794008
"I113T,L468F",0.25790212
"R143C,G218V",0.25772318
"I276V,A482T",0.25768995
"F48Y,I187T",0.2576258
"L82H,T431A",0.25760362
"R548S,A550E",0.25751895
"N8S,I453F",0.2574917
"A300V,K525E",0.2573478
"N414Y,L443P",0.25720555
"I41T,A130S",0.25693512
"Q3R,I29V",0.25690308
"I187T,M382V",0.256853
"N153S,E330V",0.2565809
"N8S,I158L",0.2564945
"G218V,V264A",0.25626576
"P200S,D438N",0.25626445
"I138T,A300V",0.25609046
"A66T,L413H",0.25608078
"S202T,N255S",0.25602838
"I276V,V526M",0.25588238
"N96S,Q141L",0.25581896
"D39G,L278F",0.25569388
"I6T,Y30H",0.25558472
"A66T,R548S",0.25557473
"S24T,S133P",0.2554445
"Q3R,L413H",0.2553256
"G111A,D164N",0.25526473
"C244W,V460A",0.25518042
"L54S,I138T",0.25515807
"D39G,P492S",0.2551569
"D240G,D424G",0.25510672
"I445V,S499T",0.25506064
"N96S,K543M",0.2550535
"D154E,N406D",0.2550247
"L54S,L417W",0.25501153
"D9N,Q511R",0.25499913
"K425E,D426G",0.2549924
"L280S,G360R",0.2549121
"N8S,V245G",0.25475916
"N96S,G427C",0.25441524
"R25G,I251K",0.25439167
"F458S,K539E",0.25409862
"F42Y,L93P",0.25409195
"F109R,S203Y",0.25403988
"L35P,S133P",0.25392112
"G111A,F519S",0.25350502
"N96S,M483I",0.25348344
"P32L,D240G",0.25346258
"M317K,F528S",0.25339705
"I113V,S505T",0.2533239
"S24T,F109R",0.25329295
"D426G,P473L",0.25307378
"T267S,G345S",0.2530488
"Y40N,G411S",0.25296032
"Q13R,D164G",0.25288504
"A479G,I504L",0.25277728
"I187T,L246S",0.25252292
"N8S,A420V",0.25250223
"N81Y,E451G",0.2521841
"F109S,I540T",0.25184155
"V139I,D426G",0.25176448
"E330V,C402F",0.25170517
"I532M,L545I",0.25144848
"D164N,S537L",0.25143164
"I29V,A77T",0.25109315
"P200S,S202T",0.25104123
"L54S,S531Y",0.2507426
"Q13R,A420V",0.25073847
"F109L,D240G",0.2507058
"T71I,M317K",0.2506515
"V290G,D331V",0.25048378
"T267S,R404S",0.2504544
"I113T,P416T",0.25028235
"L75P,Q511E",0.25020462
"T71I,F249Y",0.25008664
"N118D,F458S",0.25003645
"N18K,L54S",0.24988641
"N18S,I45L",0.24967337
"I138T,I532M",0.24962413
"C286Y,L545I",0.24951303
"I445F,S531Y",0.24923089
"D487G,K539E",0.24864544
"Q152K,D477G",0.24843825
"K149E,F519S",0.24843508
"R404S,P536L",0.24827792
"L468F,N503S",0.24807172
"D67E,K383R",0.24800722
"L82H,S505T",0.24797356
"E275K,I445F",0.24792762
"S203Y,R548S",0.24783699
"N255S,E330V",0.24752238
"V145A,I251K",0.24715275
"N81Y,I523V",0.24693133
"I21T,L443P",0.24666253
"L75P,L468F",0.24651156
"D240G,K425E",0.24646802
"L393S,C402F",0.24644762
"L93P,A494V",0.24614745
"K131E,R542M",0.24614334
"G265D,R542M",0.2460266
"N153S,D487G",0.24596393
"V354M,F528S",0.24585985
"D9N,A372P",0.24582125
"Q129L,L449S",0.24569213
"Q152K,C402F",0.2455656
"F48I,I445V",0.24520203
"G345S,L443P",0.24499366
"A300V,P394L",0.24497494
"Y30H,K539E",0.2449502
"D67E,H472R",0.24488227
"T71I,L199P",0.2448762
"N81Y,T431A",0.24481782
"S24T,A300V",0.24472864
"F458S,N503K",0.24469279
"M317K,F458S",0.24463557
"Q10L,I158L",0.24456157
"P200S,A420V",0.24438158
"G411S,I453F",0.2441703
"K525E,I540T",0.24385706
"D240G,P473L",0.24366164
"T114P,A479V",0.24343382
"S202T,V354M",0.24343199
"T2I,D9N",0.24335164
"D440G,S505T",0.24334857
"A300V,F337L",0.24289408
"I6R,I532T",0.2424007
"A479V,K539E",0.24233112
"E400G,R548S",0.24225655
"A372P,I445V",0.2422496
"I21T,V197E",0.24223608
"D154E,H216R",0.24221772
"T71I,L246S",0.24215816
"T140S,D440G",0.24209912
"I29V,K287E",0.24199705
"D9N,Y455N",0.24194135
"R404S,E451G",0.24162576
"F42I,I540T",0.24151164
"R263S,P394L",0.24142556
"I29V,L137P",0.24131781
"L393S,V526M",0.24127147
"K131E,N414Y",0.24109632
"Y40N,P188T",0.24104588
"N8S,N414D",0.24096417
"I540T,A550E",0.24091965
"T140S,A300V",0.24084967
"L75P,I445F",0.2408488
"E180K,I453F",0.24072489
"V139I,D240G",0.2407007
"S320F,K425E",0.24032441
"I113V,F337L",0.24002787
"G345S,T431A",0.23992346
"N33D,D507E",0.23977162
"C286Y,L393S",0.23968774
"Y40N,E464V",0.23961084
"Q15P,L413H",0.23938146
"N379I,R546G",0.23930702
"G218V,L553F",0.23923473
"M317K,D438N",0.2389005
"I270L,F512S",0.23879547
"T114P,I540T",0.23876147
"E125V,N379I",0.23873475
"S320F,V526A",0.23870078
"I158L,E464V",0.23868932
"I113T,I437V",0.23838748
"D240G,F337L",0.23837219
"P32L,D544G",0.23824301
"D426G,V497E",0.23820427
"K515E,I540T",0.23803882
"D440G,R546G",0.23765498
"Q152K,A420V",0.23757833
"A66T,S133P",0.23729089
"Q3R,I408V",0.2371339
"D39G,G427C",0.23707983
"S133P,K525E",0.2370393
"I21T,I41T",0.23694235
"L54S,K525E",0.23684666
"N44D,F519S",0.23672295
"L35P,A300V",0.23671201
"F42Y,A494V",0.23666152
"D477G,S531A",0.23646644
"M317K,D441G",0.23639266
"P394L,R548S",0.23639014
"Q13R,V526M",0.2363794
"I158L,M554T",0.23637778
"D426G,P536L",0.23588178
"I187T,K425E",0.23583809
"R404S,I523V",0.23571621
"G345S,R546G",0.23567234
"N44D,R542M",0.235558
"L82H,F104L",0.23552017
"A420V,D477G",0.2354573
"L75P,F528S",0.23534022
"L199P,R263S",0.23522845
"R404S,L443P",0.23520319
"L82H,Q511R",0.23518951
"F42Y,S531A",0.23507284
"E125K,I408V",0.23504081
"D39G,E47K",0.23503509
"K539E,L545I",0.23491113
"A130S,V460A",0.23488161
"N81D,D164V",0.2348796
"N33I,I445V",0.2348243
"V354M,F458S",0.23474997
"L79P,M317K",0.23465675
"P123L,I408V",0.23461768
"L449S,L553F",0.23444477
"D164G,P193S",0.23441724
"I268T,A494V",0.23438875
"T71I,A550E",0.2343492
"I251T,S514T",0.23417068
"N81Y,G111A",0.23391886
"I21T,K131E",0.23367327
"T114P,I158L",0.23365319
"H430Q,D440G",0.23364909
"S320F,T431A",0.2335656
"T289S,I504T",0.23354971
"L79P,E330V",0.23346138
"Q10L,L280S",0.23333715
"L75P,D487G",0.23254377
"T114P,Q511E",0.23232977
"I166T,I532T",0.23223698
"P200S,C286Y",0.23218429
"E330V,L393S",0.23189333
"C402F,L468F",0.23188405
"C244W,P462R",0.23165742
"V145A,D185V",0.2316174
"P123L,I540T",0.2315943
"M409L,I504T",0.23141608
"L280S,E464V",0.23133464
"I187T,I523V",0.23128814
"L137P,I187T",0.23113918
"S142P,L413H",0.2311253
"V290G,N396K",0.2305702
"P200S,E330V",0.23053887
"D424G,F519S",0.23012403
"S108T,S133P",0.22992076
"Y30H,F249Y",0.2297898
"A130S,K534R",0.2297481
"N81Y,V497E",0.22962226
"L35P,R548S",0.2295412
"S116P,R542M",0.2294746
"K363E,L449S",0.22946607
"D438N,A482T",0.22943267
"I251K,K484R",0.2294267
"I158L,G411S",0.22941127
"A482T,I532M",0.22938286
"V5A,S320F",0.22915617
"A130S,S514T",0.2291027
"Y30H,E180K",0.22890672
"L137P,I408V",0.22890308
"I29V,F337L",0.22889479
"L105P,F109R",0.22887152
"P394L,I408V",0.22863102
"R263S,T289S",0.22854866
"Y30H,F444S",0.22835916
"D424G,D544G",0.22809243
"T267S,E442K",0.22806735
"Q10L,F528S",0.22795723
"A112E,D185V",0.22794896
"L105P,I504L",0.22784321
"I283M,N555D",0.2277393
"L93I,G360R",0.22760521
"S108P,V245G",0.22756112
"D12G,A420V",0.22754233
"K425E,D544G",0.22752489
"L75P,I532M",0.22747216
"D9N,K131E",0.22738881
"E47K,R542M",0.22737913
"N153S,C286Y",0.22724554
"D88N,P462R",0.2271297
"L54S,V139I",0.22711156
"N396K,H472R",0.22694089
"I138T,I532T",0.22676437
"P416T,I445F",0.22674339
"E275K,D487G",0.22670104
"I113T,V354M",0.22656797
"Q13R,T114P",0.22652985
"D164V,H216R",0.2264577
"G374C,D507E",0.22643498
"I158L,L545I",0.22634107
"F42I,S202T",0.22618158
"Q3R,R548S",0.22596994
"I408V,A479G",0.22563364
"V139I,D544G",0.22562924
"E442K,L443P",0.22549078
"T114P,S202T",0.22544894
"V354M,D487G",0.22543962
"K425E,E442K",0.22514659
"V20I,C244W",0.22506683
"P394L,I540T",0.22500944
"I29V,P473L",0.22492154
"A300V,E400G",0.22485147
"I251T,V480A",0.22460315
"N414S,N551D",0.22458482
"T2I,A300V",0.22442824
"Q13R,E330V",0.22415458
"S142P,A300V",0.2241279
"G345S,S505T",0.2240878
"S320F,D424G",0.22396939
"E180K,I445F",0.22390242
"V245G,I301T",0.22388764
"N237D,D544G",0.22386287
"D240G,S537L",0.22367585
"T2I,L54S",0.22355607
"Q10L,Y30H",0.2235292
"F249L,G345S",0.22328608
"Q10L,I276V",0.22321194
"T71I,T115S",0.22317651
"N33I,R404S",0.22279125
"K287E,I408V",0.222659
"V5A,L82H",0.22236495
"D440G,L443P",0.22218363
"D164N,T422M",0.2221781
"L93P,N255S",0.22209713
"V354M,V526M",0.22193566
"E275K,N379D",0.22193468
"I283M,P462R",0.22174923
"K425E,D440G",0.22170532
"A77T,S133P",0.22167207
"I6T,P416T",0.22166234
"F274L,I504T",0.22162338
"S202T,I270L",0.2215971
"Q152K,M317K",0.22153084
"D426G,Q511R",0.22133636
"S133P,P416T",0.2212606
"L75P,F458S",0.2212548
"E400G,I540T",0.2211521
"E275K,D438N",0.22114481
"I301V,F512S",0.2210277
"Q13R,M317K",0.22100791
"L199P,L393S",0.22093815
"L79P,F528I",0.2206813
"I270L,F458S",0.22047962
"E275D,D331V",0.22036484
"N414S,S514T",0.22023642
"C286Y,L468F",0.22020628
"D39G,Q129L",0.22007978
"K147I,D507E",0.22006434
"F104L,N503S",0.21999305
"D240G,S261G",0.21974052
"Q10L,Q13R",0.21967031
"G360R,N379D",0.2195848
"Q15L,I158L",0.21952122
"L93P,N414D",0.21931683
"F109K,A550E",0.21928582
"I21T,T267S",0.2192621
"V159I,I445V",0.21924765
"P200S,L393S",0.2190867
"F444S,A479V",0.21903802
"T267S,S320F",0.21895495
"D441G,A482T",0.21884637
"I21T,A372P",0.21866013
"R263G,L413H",0.21843362
"D240G,M409L",0.21815269
"D9N,S116P",0.21814993
"N153S,D438N",0.21804997
"I166V,L468F",0.21803805
"L199P,I504L",0.21792078
"I270L,I532M",0.21777655
"G111A,D426G",0.21760614
"L79P,E275K",0.21754177
"K85E,R542M",0.21745448
"L54S,T289S",0.21723108
"I268T,E330V",0.21713074
"G60D,R548S",0.21710078
"E180K,I276V",0.21703373
"L105P,R263S",0.21690787
"G360R,A420V",0.21690507
"T71I,S531A",0.21688187
"R404S,Y455N",0.21673696
"Q15P,I408V",0.21666948
"L93I,L137P",0.2164183
"P193L,R404S",0.21635622
"F48S,I453F",0.21630928
"Y235C,I453V",0.21614125
"L246S,I504L",0.2161165
"N81Y,S499T",0.21590942
"M382V,L413H",0.2157109
"F249Y,A420V",0.21567674
"G60D,D426G",0.21563014
"I251T,Q282L",0.2156084
"F444S,I445F",0.2155501
"K287E,L413H",0.21533975
"V526A,D544G",0.21530254
"L82H,S261G",0.21529505
"F22L,I113T",0.21526974
"N81D,I453V",0.21518506
"F42I,P193S",0.21503061
"L82H,A372P",0.21496509
"L280S,I301V",0.21494935
"G111A,E442K",0.21490453
"A130S,V493A",0.21488948
"T2I,D240G",0.2147744
"N379I,S505T",0.21461205
"E381V,N414Y",0.21446422
"Y30H,S537P",0.21444385
"N118D,L280S",0.21444096
"L417W,I445F",0.21439192
"F337L,I408V",0.21414617
"S24T,I276V",0.21413922
"D9N,I41F",0.21402244
"E400G,I408V",0.21397652
"D39G,V223E",0.21371116
"D185V,H216R",0.2136992
"D440G,E451G",0.21361999
"S202T,S531Y",0.21339953
"T140S,L413H",0.21339895
"A356L,R542M",0.21320467
"F48S,I445F",0.21312255
"D9N,F249L",0.21276803
"S370T,R542M",0.21275441
"L82H,T140A",0.21271144
"L82H,N237D",0.21268757
"V497E,D544G",0.2126193
"A130S,K410R",0.2124747
"F42I,C286Y",0.21195981
"F109K,S203Y",0.21194653
"I187T,S537L",0.21192755
"I437V,D487G",0.21178488
"G60D,D240G",0.21176976
"L280S,A550E",0.21176161
"L79P,S531Y",0.21175423
"S116Y,I504T",0.21167715
"A66T,F512S",0.21164677
"F104L,F528S",0.21154816
"D9N,P193L",0.21145803
"F274I,I445V",0.21138693
"F48S,D438N",0.21132426
"I6R,K539E",0.21130446
"F249L,E442K",0.21118243
"R404S,T422M",0.21097367
"R263G,R548S",0.21085028
"N414S,P462R",0.21042329
"V159I,S320F",0.21035878
"F201Y,D240G",0.21030582
"S116P,D164N",0.21010718
"Q152K,V354M",0.21006775
"D39G,N44D",0.20998761
"E442K,V497E",0.20992106
"D185V,V460A",0.20978579
"D164G,K539E",0.20967634
"K149E,N379I",0.20965542
"L199P,I445F",0.20960972
"N255S,I268T",0.20960033
"I187T,N237D",0.20956671
"I113T,N118D",0.20922232
"N153S,L393S",0.20914888
"V245G,E464V",0.20889606
"D9N,N18S",0.20879397
"I437V,I532M",0.20870303
"S370T,L449S",0.20869315
"S222G,N396K",0.2085928
"Y30H,S108P",0.20851547
"L393S,F528I",0.20847835
"L280S,I437V",0.20847538
"L93P,F249Y",0.20838022
"A372P,R404S",0.20832959
"D240G,T267S",0.20815578
"P394L,N503S",0.20810695
"I166T,N503S",0.20796229
"A66T,N503S",0.20795771
"V5A,D440G",0.20759133
"I187T,D424G",0.20754825
"L246S,L393S",0.20753127
"K287E,I540T",0.2074208
"R404S,S499T",0.20733958
"L82H,S499T",0.20719866
"I138T,D487G",0.20694935
"L82H,F274Y",0.20678703
"L93I,N503K",0.20655367
"F249Y,I268T",0.20635009
"A356L,F519S",0.20634057
"K363E,R542M",0.2062657
"I138T,D438N",0.20623955
"F109S,V245G",0.20599213
"I6R,V526M",0.20596604
"L82H,T267S",0.20588297
"I45L,P492S",0.20587678
"A479V,S531Y",0.20564641
"V5A,E442K",0.20559299
"D440G,I523V",0.20555311
"Y40N,V139I",0.20538454
"I21T,G265D",0.2053029
"G60D,I187T",0.205065
"D154E,K363R",0.20505011
"I270L,D438N",0.20490314
"K287E,R548S",0.20488384
"Q15L,T71I",0.20479195
"D440G,V526A",0.20471975
"C402F,K539E",0.20467103
"T114P,C402F",0.20448783
"I158L,L417W",0.20436288
"N379D,K539E",0.20435427
"E47K,N414Y",0.20430417
"Q141L,I445V",0.20428678
"T289S,L413H",0.20422535
"N8S,D441G",0.2039941
"L79P,L105P",0.20383197
"I45L,A356L",0.20365833
"C244W,M483R",0.20358126
"L79P,E180K",0.20349693
"T115S,I276V",0.20335498
"P32L,I408V",0.20334823
"I276V,M554T",0.20333214
"F42Y,P188T",0.20314677
"F274L,R404S",0.20299385
"T71I,L137P",0.20296864
"I276V,K515E",0.20291963
"T71I,P188T",0.20291898
"N96S,Q282L",0.20286503
"Q10L,I532M",0.20281155
"S261G,S320F",0.20273675
"F249Y,C286Y",0.20271248
"S202T,S203Y",0.20270771
"V197E,I504T",0.20268592
"I6T,L93I",0.20253706
"C286Y,M317K",0.20233029
"T422M,E442K",0.20210133
"N18I,A300V",0.20205952
"I437V,Q511E",0.20203036
"I113T,T114P",0.20190492
"V139I,L413H",0.20183465
"F48Y,R548S",0.20180231
"I408V,H430Q",0.20177798
"L137P,R263S",0.20165312
"T114P,C286Y",0.20153758
"G360R,L545I",0.20152181
"Q152K,K539E",0.20133814
"L79P,L417W",0.20114532
"L82H,I523V",0.20107085
"V354M,L393S",0.2009817
"Q10L,D487G",0.20079555
"G427C,F519S",0.20078102
"E330V,V526M",0.20075618
"N414D,N503K",0.20069519
"G411S,A420V",0.20059626
"Q10L,Q152K",0.20058963
"L93P,A550E",0.20052353
"Y40N,I138T",0.20036933
"E125V,D240G",0.20031327
"L54S,S142P",0.20027769
"Q152K,E330V",0.20011045
"P394L,I453F",0.20009714
"F274Y,E442K",0.19995771
"N379I,V497E",0.19976504
"L35P,L93I",0.19972967
"I268T,L468F",0.19964495
"I187T,V377M",0.19940656
"L35P,T71I",0.19919673
"F22L,Y40N",0.19908458
"G60D,D544G",0.19896929
"Y40N,I301V",0.19895178
"D39G,A356L",0.19885093
"T2I,R404S",0.19884086
"S108P,L545I",0.19883966
"Q3R,Q13R",0.19874233
"L93P,E180K",0.19850098
"C402F,A482T",0.19849008
"S261G,D544G",0.19843027
"G265D,I445V",0.19833635
"D438N,N503K",0.19832663
"N56D,I251T",0.19830659
"F48S,A494V",0.19822349
"I138T,L280S",0.19815509
"I113V,E451G",0.19811349
"I158L,F512Y",0.19808002
"F458S,A550E",0.19802463
"L35P,L545I",0.19795619
"T140S,L280S",0.19773021
"L417W,Q511E",0.19772321
"Q13R,I301V",0.19764681
"I408V,P473L",0.19763501
"V20I,I283M",0.19758447
"I251K,V460A",0.19754988
"A494V,K539E",0.19751161
"I29V,P536L",0.19703814
"D164G,M317K",0.19703232
"F274Y,D440G",0.19701378
"P188T,A420V",0.19701022
"I270L,I532T",0.19693837
"F42Y,L393S",0.19688553
"Y30H,L246S",0.19688372
"I21T,V159I",0.19687921
"I113T,F444S",0.19687817
"F42Y,I270L",0.19679758
"D440G,S537L",0.19669615
"I453V,N555D",0.19659905
"S108P,D438N",0.1964876
"F519S,K543M",0.19619349
"L93P,F444S",0.1959403
"D154E,M483R",0.19592184
"L35P,I453F",0.19590713
"Q152K,P193S",0.19571579
"N96S,K515R",0.19567162
"L82H,K149E",0.19561113
"I408V,K425E",0.19554356
"N8S,L79P",0.19551852
"M382V,I540T",0.19540687
"S370T,N414Y",0.1953139
"I45G,V245G",0.19528793
"Q3R,Y40N",0.19526888
"T267S,I504T",0.19504058
"T115A,C244W",0.19499993
"L246S,D441G",0.19495972
"L280S,I301T",0.19491023
"I45G,D487G",0.1948604
"N56D,L449S",0.1948256
"S261G,R404S",0.19481108
"A420V,S531A",0.19469386
"V377M,R548S",0.19464414
"N118S,H472R",0.19453594
"I113T,E180K",0.19453476
"I270L,C286Y",0.1944197
"I138T,Q511E",0.19436884
"I45S,V513A",0.19413534
"D28E,K383R",0.19413032
"I268T,L393S",0.19396302
"F48S,C402F",0.1938142
"K149E,D544G",0.19373176
"L93I,A550E",0.19361216
"L199P,D487G",0.19349441
"D424G,E442K",0.19316281
"Y40N,T140S",0.19314681
"M317K,S531A",0.19314177
"P32L,L54S",0.19311178
"S203Y,I268T",0.19298032
"P416T,F528S",0.19297495
"E180K,A420V",0.19292764
"M317K,N414D",0.19269495
"F337L,L413H",0.19268715
"I29V,I166N",0.19268337
"N96S,S370T",0.1926411
"E275K,L393S",0.19258867
"D487G,A550E",0.19258527
"K85E,I445V",0.19252437
"K149E,I187T",0.19248074
"L93I,E464V",0.1920594
"L413H,H430Q",0.19193462
"G360R,C402F",0.19184132
"N18S,L82H",0.19173864
"Q152K,S537P",0.19171025
"G360R,N414D",0.19163561
"V145A,I251T",0.19149253
"T2I,Y40N",0.19125934
"I6R,I270L",0.19124332
"S203Y,D438N",0.19116516
"V354M,L468F",0.19112678
"L246S,F458S",0.19096178
"G111A,I187T",0.19082956
"T2I,S133P",0.19070727
"C286Y,V354M",0.19064856
"Q13R,P188T",0.19057618
"S133P,N237D",0.1905299
"E330V,I532T",0.19040443
"N18K,L280S",0.19031824
"L54S,E451G",0.19010456
"S202T,E464V",0.19005677
"S24T,D438N",0.18982154
"L468F,K539E",0.18955852
"T431A,I504L",0.18938248
"F42I,Q152K",0.18921775
"T422S,R542M",0.18899423
"D9N,S370T",0.18891233
"D39G,K543S",0.18886855
"Q15P,L79P",0.18859455
"Y40N,K515E",0.1884726
"E125K,F528S",0.18838687
"P200S,V526M",0.1883119
"V197E,D240G",0.18826814
"E275K,E330V",0.18792115
"S142P,R263S",0.18784007
"L246S,I540T",0.18778068
"P416T,A479V",0.18777034
"I301V,A420V",0.18774883
"F337L,F458S",0.18771742
"I45L,E381V",0.18770601
"L105P,I540T",0.18753134
"I21T,K363E",0.18749698
"P193S,F528I",0.18732376
"E330V,E464V",0.18723667
"E442K,P492S",0.187122
"V159I,D240G",0.18704298
"S203Y,L280S",0.18696934
"A300V,K425E",0.18683623
"S24T,Y40N",0.18670967
"L93P,S531Y",0.1866201
"L79P,N153S",0.18659136
"L413H,P473L",0.18657124
"S108T,I113T",0.18648124
"A66T,L280S",0.18637684
"G111A,I504L",0.18632606
"T2I,R548S",0.18626744
"F48L,L82H",0.18619367
"I29V,S499T",0.18617547
"L79P,G411S",0.1859598
"I21T,V184E",0.18588461
"L54S,M554T",0.18576925
"N118S,V290G",0.1855251
"P188T,P200S",0.18544495
"N118D,N153S",0.1854151
"I283M,N524D",0.18528746
"L199P,F458S",0.18527073
"A494V,N503K",0.18514885
"I6R,T114P",0.18511309
"A372P,D544G",0.18510328
"Q15L,F458S",0.18502854
"L393S,I532T",0.18490703
"D9N,V223E",0.18466623
"S24T,D487G",0.18450977
"Q141L,R404S",0.18446918
"Q15L,L79P",0.18442026
"F201Y,D440G",0.18437834
"I270L,A420V",0.18430725
"S24T,Q511E",0.18423179
"I41T,R542M",0.18412118
"L278F,S320F",0.18370971
"E275K,A494V",0.18367742
"E47K,E442K",0.18364105
"P193S,L468F",0.18354571
"Q13R,L199P",0.18353051
"Y30H,I437V",0.18341231
"L54S,N237D",0.18336116
"F528S,S531Y",0.183347
"F109R,R546G",0.18318617
"I453V,P462R",0.18309815
"E464V,A494V",0.18297857
"A300V,A372P",0.18282351
"E47K,N379I",0.18276665
"F22L,N153S",0.1827499
"I138T,A479V",0.18272302
"Q152K,F528I",0.18250947
"D240G,L278F",0.18211034
"L413H,T431A",0.18205494
"D164N,Q225R",0.18199347
"N153S,I268T",0.18195704
"Q225R,F519S",0.1817393
"F109R,K425E",0.18138564
"F42Y,I437V",0.18116733
"D39G,V496G",0.18109186
"Y30H,I138T",0.1809478
"C286Y,I437V",0.18075953
"Q10L,C286Y",0.1806314
"T115A,A130S",0.18055515
"E180K,C286Y",0.18052591
"Y30H,L417W",0.18047912
"D12G,P200S",0.18045612
"I270L,D441G",0.18037735
"L413H,V526A",0.18030708
"I29V,V497E",0.18023938
"S202T,F528L",0.18016106
"S499T,I540T",0.1801417
"G60D,I158L",0.17999874
"F458S,K525E",0.17985575
"N96S,V264A",0.17981291
"A77T,I158L",0.17978805
"C244W,K410R",0.17978115
"A112P,A300V",0.17971596
"T114P,L199P",0.17963544
"G60D,I540T",0.17954071
"F109S,I445F",0.17941974
"S320F,P492S",0.17937702
"F22L,D438N",0.17934178
"E330V,F444S",0.17932548
"Q15L,L93P",0.17930675
"L417W,F458S",0.17917897
"I301V,D477G",0.17911395
"E330V,G411S",0.17907704
"Q3R,I158L",0.17902465
"N81D,G218V",0.17900182
"Q3R,Q511E",0.17888014
"L82H,P536L",0.17886624
"Q13R,N153S",0.17871572
"T140A,D544G",0.17862174
"I6T,L468F",0.17842744
"C402F,F444S",0.17836277
"V245G,K515E",0.17830689
"Q3R,V245G",0.17811373
"N237D,F458S",0.1779758
"F42Y,S531Y",0.17795652
"V377M,I504L",0.17786646
"I29V,F201Y",0.17783116
"L75P,C402F",0.17775649
"F444S,A494V",0.1777012
"N153S,A482T",0.17752387
"I283M,T529A",0.17711185
"G218V,V446A",0.17706925
"F444S,Q511E",0.1770184
"T71I,A77T",0.17693576
"F249Y,E330V",0.17668936
"A77T,F528S",0.17664386
"V368A,R404S",0.17644462
"L105P,V245G",0.17644311
"G265D,S320F",0.17626353
"S116Y,R404S",0.17610537
"Y30H,A66T",0.17584957
"F444S,I532M",0.1757768
"F109K,T115S",0.1757379
"A479V,K515E",0.17573698
"V197E,R404S",0.17567901
"I6R,P416T",0.17559016
"A300V,R546G",0.17557748
"F109S,I532M",0.17546296
"S142P,I158L",0.17521715
"A112P,D544G",0.17505226
"G427C,I504T",0.17499602
"T267S,R548S",0.17498301
"S116P,S320F",0.17494038
"N44D,R404S",0.17490117
"G411S,A494V",0.17487861
"D9N,K363E",0.17486936
"N153S,Q511E",0.17468223
"T71I,K515E",0.17461617
"L54S,P473L",0.17456803
"F42Y,L75P",0.17453247
"D477G,A482T",0.17448965
"D438N,K525E",0.17445146
"I6R,V354M",0.1744509
"I113V,A372P",0.1744154
"K309Q,L449S",0.17437504
"V20I,D185V",0.17432746
"D39G,V480A",0.17410506
"T140S,N503S",0.1739386
"Q282L,R542M",0.17390089
"L413H,E451G",0.17385314
"C286Y,S537P",0.173818
"I6R,S537P",0.17380713
"Q10L,L545I",0.17370565
"T422M,D544G",0.17366974
"D88N,K397N",0.17351289
"D487G,K525E",0.17335959
"G265D,E442K",0.17289054
"I138T,C286Y",0.1728522
"E381V,E442K",0.172725
"A372P,I504L",0.1726897
"E125V,A300V",0.1725
"T71I,N237D",0.17248982
"N33D,C244W",0.17248477
"A77T,I276V",0.17238462
"A300V,T529P",0.17217912
"T431A,R548S",0.17197315
"F48I,T71I",0.17186388
"T140A,D440G",0.17185163
"A300V,S537L",0.17184636
"Q15P,Q511E",0.17183238
"I268T,S537P",0.17178515
"T289S,N503S",0.17154104
"N153S,E180K",0.1715285
"G265D,I504T",0.17152137
"L443P,R548S",0.17149454
"R143C,R542M",0.1713831
"D39G,I41T",0.17132166
"Q13R,I138T",0.17124632
"A300V,T431A",0.1712228
"H430Q,I453F",0.1710306
"F458S,F512Y",0.17088209
"Y40N,S142P",0.17060836
"I138T,Q152K",0.17053857
"I45L,D424N",0.1704978
"F249Y,N255S",0.17048858
"A130S,E364G",0.17046183
"N8S,A482T",0.17040846
"Q13R,Q15P",0.17037992
"D487G,K515E",0.17024429
"V480A,R542M",0.17022377
"L93P,N118D",0.17013672
"L413H,S537L",0.17007469
"I158L,K287E",0.17002828
"S202T,K525E",0.16995402
"N379I,S499T",0.16986087
"A77T,F458S",0.16982901
"E464V,L545I",0.16975684
"L79P,I301T",0.16975158
"D438N,K515E",0.16958468
"G60D,N379D",0.16950452
"P200S,E275K",0.16938788
"F42I,N503K",0.16937277
"E180K,Q511E",0.16926481
"L393S,A482T",0.16924934
"Q225R,I445V",0.16906217
"I283M,K397N",0.16898923
"V100I,D185V",0.16882323
"F109K,P123L",0.16880436
"N153S,D477G",0.16874969
"Q152K,L417W",0.1686685
"D424G,I504L",0.16816399
"Q15P,T71I",0.16816376
"F42I,E180K",0.16810389
"I166V,S531Y",0.16808355
"K131E,I187T",0.16795686
"I158L,E400G",0.16784441
"S24T,F458S",0.16783066
"R404S,G427C",0.16776213
"Y40N,P123L",0.16774137
"A77T,V245G",0.16762629
"S108T,D438N",0.16760026
"N255S,L468F",0.16742438
"D185V,K543E",0.1672614
"N255S,E464V",0.16725756
"N379D,L468F",0.16705379
"I504T,K510E",0.16698708
"E275K,D477G",0.16695404
"Q15L,D441G",0.166918
"G218V,K363R",0.16687708
"I166N,I540T",0.16685784
"G411S,D441G",0.1667966
"V5A,L413H",0.16669834
"I6T,F249Y",0.16660395
"I113V,K131E",0.16644126
"S116P,D240G",0.16643925
"T114P,V526M",0.16643469
"I21T,A356L",0.16638865
"N379D,P416T",0.16633683
"S108T,L280S",0.16629241
"I45G,D477G",0.16625205
"S202T,L246S",0.16614845
"P394L,A479V",0.16606997
"T422M,D440G",0.16603103
"F109R,T267S",0.16602026
"I166V,V354M",0.16593148
"T71I,I138T",0.16590571
"Q152K,G360R",0.16579878
"V139I,F528S",0.16574152
"L82H,Q225R",0.16565879
"I408V,L443P",0.16564986
"I187T,L443P",0.16564846
"D477G,S531Y",0.16550936
"Y30H,S203Y",0.16537946
"L137P,L199P",0.1652254
"M317K,E330V",0.16489784
"G427C,E442K",0.1648691
"L246S,D477G",0.16483839
"L79P,I138T",0.16481423
"F201Y,A300V",0.16471294
"S108T,D487G",0.16458368
"E47K,D426G",0.16451089
"N8S,Q511E",0.1645066
"I113T,A550E",0.16446406
"A130S,V368E",0.16439815
"I453F,R546G",0.164224
"Q13R,S203Y",0.16410199
"I29V,E125V",0.16398703
"V245G,F512Y",0.16391902
"F42I,F528L",0.16381729
"L105P,I276V",0.16379209
"S537L,I540T",0.16376045
"A130S,K397N",0.1637038
"P193S,P416T",0.16369848
"N18S,L413H",0.163459
"R263S,V377M",0.163234
"L54S,V497E",0.16305928
"N379I,K543M",0.16287608
"T114P,K539E",0.16265866
"P492S,I504T",0.1626274
"L105P,L545I",0.16240093
"I251K,P462R",0.16235569
"I187T,V197E",0.16217428
"T114P,G360R",0.16216297
"Y30H,L137P",0.16215555
"I408V,D424G",0.1621029
"F249Y,L393S",0.16192439
"I113T,E125K",0.16186336
"L413H,Q511R",0.16170147
"F274Y,L413H",0.16166964
"Q511E,K525E",0.16148263
"S142P,F512S",0.16146849
"S142P,L280S",0.1613311
"E400G,F458S",0.16132598
"G360R,D477G",0.16121313
"N96S,N406D",0.16119167
"P188T,L393S",0.1610786
"F109S,E330V",0.16097769
"K85E,R404S",0.16086261
"F249L,D440G",0.16053171
"N8S,Q13R",0.16048963
"L93P,I437V",0.1602492
"G218V,N555D",0.16015144
"A66T,D438N",0.1601502
"P188T,L545I",0.15993778
"N81Y,V368A",0.15974261
"L79P,N118D",0.15972582
"F109K,A479G",0.15957738
"F458S,A479G",0.15943661
"D9N,K543M",0.15941748
"L278F,R404S",0.15932874
"Q3R,D438N",0.15932766
"F42I,G360R",0.15912856
"S133P,A372P",0.15909424
"D154E,H216L",0.15885836
"L413H,P536L",0.15882951
"C244W,Y455H",0.1587738
"K128N,I283M",0.15868105
"F274L,I540T",0.15855378
"V159I,D440G",0.15825735
"M317K,L468F",0.15788898
"E47K,R404S",0.15787545
"L278F,I504T",0.15778413
"L35P,D487G",0.15773468
"Q13R,A550E",0.15756157
"K149E,I408V",0.15752815
"Q141L,D240G",0.15747942
"L545I,A550E",0.15747677
"I6R,N118D",0.15740837
"A130S,T529A",0.15735869
"D88N,N524D",0.15731043
"G345S,V368A",0.15730922
"A66T,L93I",0.1570763
"Y30H,V139I",0.15705459
"I21T,V480A",0.15699682
"M382V,N503S",0.15688147
"F22L,I532T",0.15665966
"F444S,D477G",0.15661255
"L35P,I276V",0.15650418
"I437V,S531A",0.15628262
"G60D,I445F",0.15626542
"N81Y,Q225R",0.15620309
"H216R,G218V",0.15607801
"N18S,T71I",0.15595599
"L199P,A420V",0.15582716
"I113V,F274I",0.15579
"F42Y,F109S",0.15577799
"E451G,I540T",0.1556551
"S203Y,C286Y",0.15561865
"A66T,D441G",0.1555601
"T71I,F512Y",0.15553428
"P200S,V354M",0.15549463
"F48S,F444S",0.15536854
"G360R,V526M",0.15536176
"S108P,D477G",0.15531334
"S108P,D164G",0.15514898
"V159I,A300V",0.1550876
"V245G,P394L",0.15491278
"Y40N,E451G",0.15488869
"N8S,P188T",0.15485409
"E400G,D487G",0.15483962
"I166V,E464V",0.15481155
"L82H,M409L",0.15479197
"S202T,M554T",0.15475321
"P200S,F444S",0.15473098
"Q152K,F444S",0.15462792
"I301T,A420V",0.1544076
"S142P,Q511E",0.15432116
"S537L,R548S",0.15422454
"F22L,I270L",0.15381841
"S261G,I540T",0.15373115
"L199P,A479V",0.15372255
"P32L,I445F",0.15366258
"D240G,S370T",0.15365764
"K363E,R404S",0.15351039
"H216L,N414S",0.15347803
"N8S,K539E",0.15341559
"D164G,L199P",0.15339358
"D185V,N524D",0.15332782
"L54S,E125V",0.15317352
"F42Y,S108P",0.1530986
"L413H,Y455N",0.1528851
"N56D,R542M",0.15282457
"D9N,N44D",0.15274736
"I276V,H430Q",0.15261932
"S116P,E442K",0.1526096
"Q3R,F458S",0.15255667
"D477G,N503K",0.1525516
"P193L,R263S",0.1525027
"F109L,I276V",0.15245725
"Q129L,D426G",0.15242003
"I113T,K287E",0.15232682
"L105P,D487G",0.15223914
"T140S,F458S",0.1521706
"L280S,T431A",0.15184988
"R404S,D424N",0.15183006
"N8S,V354M",0.15180661
"P32L,I276V",0.15172155
"K85E,G345S",0.15165225
"A77T,S202T",0.15160003
"Y30H,L105P",0.15151455
"N96S,V496A",0.15138556
"N56D,F519S",0.15095901
"N118D,P200S",0.15073444
"I251T,W428R",0.15066488
"L79P,F109S",0.15053603
"L93I,K515E",0.1505176
"I453V,M483R",0.1503366
"Q10L,A494V",0.15031947
"Q3R,S202T",0.15024564
"L278F,D544G",0.15019855
"E180K,L468F",0.15009426
"C244W,V294E",0.14974453
"D164V,H216L",0.14952922
"H430Q,I445F",0.14946264
"L278F,D440G",0.14931965
"Q15L,A420V",0.1493091
"K149E,R263S",0.14930806
"T71I,P416T",0.14929146
"N118D,Q152K",0.14927764
"H430Q,N503S",0.14925623
"I29V,T422M",0.14922892
"L137P,F458S",0.1491721
"S108P,I268T",0.14917023
"L35P,N503S",0.14909847
"I138T,S531A",0.14893341
"L417W,L545I",0.14886178
"T2I,I504T",0.14878875
"H472R,D507E",0.14875261
"R404S,T422S",0.14861622
"R542M,L553F",0.14844371
"S203Y,A420V",0.148348
"P416T,D477G",0.14830086
"L413H,S499T",0.14808837
"L417W,A420V",0.14803411
"V139I,I453F",0.14796266
"Y30H,I45G",0.14796153
"N96S,V184E",0.1478517
"I45S,V368E",0.14766458
"P123L,S202T",0.1476278
"D9N,T422S",0.14743786
"V223E,I504T",0.14741725
"N255S,I270L",0.14738141
"I301T,A494V",0.14737636
"Q15P,I276V",0.14709732
"T267S,I408V",0.14708129
"D9N,S502C",0.14707687
"I6T,V354M",0.14688563
"V354M,K539E",0.14688322
"D441N,R542M",0.14685142
"I6R,F22L",0.14681005
"N18K,L79P",0.14680724
"C402F,A550E",0.14671037
"A112P,R548S",0.14670002
"C402F,P416T",0.14629702
"I45L,L278F",0.14627844
"A77T,L93I",0.14592898
"E125K,I532M",0.14583455
"P32L,T71I",0.14579806
"V264A,F519S",0.14563836
"I29V,Y455N",0.14532973
"I45G,I301T",0.14532074
"L54S,S505T",0.14530614
"R263G,L280S",0.14526248
"Y30H,A479G",0.14518656
"T115S,S202T",0.14509596
"L280S,V526A",0.14505439
"N503S,M554T",0.14499438
"V368A,D440G",0.1449509
"I113T,E400G",0.14467303
"Q141L,D544G",0.14467132
"S261G,L413H",0.14460507
"V446A,L449S",0.14457135
"S203Y,N379D",0.1442856
"V184E,I504T",0.1441447
"A372P,I408V",0.14412425
"S202T,P394L",0.14405514
"I29V,T529P",0.14397004
"R143C,I445V",0.1439359
"E442K,K510E",0.14393522
"Y30H,G60D",0.14378713
"G427C,D544G",0.14378224
"F274I,L413H",0.14371482
"V354M,A482T",0.14363582
"M409L,I540T",0.14356957
"L105P,S202T",0.14355119
"I532M,A550E",0.14344695
"I6T,N153S",0.14337581
"N33I,S133P",0.14317118
"I158L,F274L",0.14312077
"S24T,D164G",0.14296365
"Q141L,I187T",0.14290048
"I138T,D477G",0.14262514
"P188T,L468F",0.1423009
"T289S,A479V",0.14223808
"S133P,Y455N",0.14209045
"G218V,P462R",0.14197165
"I21T,V100A",0.14183673
"I113V,Q141L",0.14183356
"S320F,M483I",0.14172584
"D164G,G411S",0.14169098
"T140S,L545I",0.1416659
"E364G,N414S",0.14154573
"K149E,R548S",0.14143302
"N81Y,D424N",0.14127372
"E330V,I437V",0.14125174
"T114P,F249Y",0.14121415
"G345S,K363E",0.1411226
"L54S,P536L",0.14104244
"L105P,Q511E",0.14096695
"A420V,K515E",0.14086246
"D240G,K363E",0.14071827
"S142P,D487G",0.14063314
"Y30H,T140S",0.14062873
"F48Y,T71I",0.14061296
"T140S,V245G",0.14043505
"F249L,L413H",0.1403035
"N18K,Q511E",0.14021912
"I270L,I301V",0.1401845
"P394L,N414D",0.13983178
"Q13R,K525E",0.13982801
"S531Y,L545I",0.1398129
"I21T,Q282L",0.13970156
"I268T,K525E",0.13967896
"V245G,K287E",0.13957725
"I138T,P188T",0.13938019
"C244W,N255D",0.13933784
"I276V,T289S",0.13923682
"F48S,E180K",0.13923043
"D12G,G360R",0.13922688
"I21T,L553F",0.13920222
"E275K,G360R",0.13883817
"D12G,S537P",0.13878818
"I41F,D440G",0.1387831
"A77T,D441G",0.1387703
"N18K,A494V",0.13861799
"I251K,M483R",0.13852179
"F22L,N503K",0.13831952
"F22L,Q152K",0.13829856
"D164V,G435R",0.13827583
"E464V,D477G",0.13820137
"D39G,K484R",0.13810302
"M317K,G360R",0.13805485
"I187T,T422M",0.13796985
"V245G,M382V",0.13774721
"Y40N,Y455N",0.13760386
"H430Q,F458S",0.1375731
"P188T,N503K",0.13754593
"I166V,K525E",0.13747932
"I21T,R25G",0.13739735
"S531A,M554T",0.13738047
"N81D,N96S",0.13727972
"A77T,A420V",0.13725285
"T289S,I445F",0.13725074
"E330V,S537P",0.137244
"S24T,S531A",0.13713789
"H87R,D88N",0.1370733
"I283M,A488T",0.13698763
"T71I,T267S",0.1365907
"T2I,L545I",0.13647485
"G60D,I276V",0.13623652
"I158L,L246S",0.13618252
"P200S,I270L",0.13606018
"G360R,A482T",0.13581909
"Q15L,F42Y",0.1358186
"D9N,I41T",0.13579103
"Q15P,L545I",0.13574259
"P32L,L280S",0.1354578
"I41F,I504L",0.13536344
"I268T,G411S",0.13526025
"S108P,M317K",0.13525589
"I29V,V197E",0.13519306
"L417W,S531A",0.13517079
"P416T,A420V",0.13513993
"L246S,V526M",0.1350478
"F42Y,F104L",0.13502562
"Q13R,K515E",0.13489158
"D185V,H216L",0.13484229
"N81Y,R143C",0.134824
"L82H,K85E",0.13459685
"T2I,L79P",0.13453874
"I301V,K539E",0.13445811
"N96S,D441N",0.13407251
"T289S,I540T",0.13396727
"A66T,C402F",0.13370694
"M382V,D487G",0.1336571
"D240G,D441N",0.13363999
"S133P,F274I",0.13361633
"E189G,G218V",0.13360114
"C402F,F528L",0.13360095
"T71I,P473L",0.13357961
"V5A,A300V",0.13351661
"D39G,I242A",0.13337445
"P188T,M554T",0.13331205
"L443P,I453F",0.13310194
"K131E,I408V",0.13309258
"N414Y,K515R",0.13299766
"T114P,F444S",0.13262847
"N237D,V245G",0.13255467
"A66T,A494V",0.13217345
"P473L,A479V",0.1320008
"G60D,V245G",0.13196822
"D88N,E364G",0.1317904
"I276V,M409L",0.13177933
"N18S,I540T",0.13177039
"N237D,A420V",0.13164632
"K85E,D544G",0.13157849
"N503S,P536L",0.13154477
"F249Y,I301V",0.13147843
"L199P,L246S",0.13141379
"F444S,I532T",0.13138823
"T114P,A482T",0.13128617
"K287E,F458S",0.13127337
"L54S,F337L",0.1311651
"D154E,K410R",0.13113454
"G345S,D424N",0.13110131
"Q152K,P416T",0.13098589
"I6T,P123L",0.13097681
"V264A,D426G",0.13087186
"Y40N,V497E",0.13087165
"Q10L,T114P",0.13085096
"E275K,N503K",0.1307867
"V20I,I453V",0.13072722
"P123L,P193S",0.13047814
"F109L,N414D",0.13041298
"N96S,S502C",0.13034126
"K85E,I187T",0.13032775
"D154E,Y455H",0.13030565
"P123L,C286Y",0.13027585
"S116Y,L413H",0.12984765
"E125K,Q152K",0.12982452
"M317K,A550E",0.12981963
"N379D,F512Y",0.12974389
"L137P,A479V",0.12973687
"H216R,L449S",0.12962407
"V264A,R404S",0.12946197
"F249Y,E275K",0.12939055
"N414S,T529A",0.12923504
"R263S,V497E",0.12919483
"F249Y,G360R",0.12919372
"D12G,L199P",0.12896886
"Y30H,M382V",0.12892993
"Q129L,D544G",0.12892221
"H430Q,A479V",0.12888905
"V245G,P473L",0.12888451
"S108P,S531A",0.12884146
"D12G,I270L",0.12847601
"E275K,F444S",0.12820911
"L54S,K149E",0.1281957
"T431A,I540T",0.12810217
"F109L,V245G",0.12808096
"Q10L,F42I",0.1279471
"A420V,A479G",0.1279234
"V223E,R404S",0.12764558
"T140A,A300V",0.12751947
"S108P,L199P",0.12751444
"L199P,V354M",0.127251
"K484R,R542M",0.1271888
"C402F,K525E",0.12712778
"A494V,K515E",0.12700072
"S24T,D477G",0.12694228
"L280S,Y455N",0.12691377
"Q15L,L468F",0.12679824
"Q282L,I445V",0.126724
"E47K,D440G",0.12664895
"L417W,A494V",0.12640268
"V377M,I445F",0.12640204
"Q13R,L105P",0.12620856
"F42I,L246S",0.12612695
"L54S,I523V",0.12608263
"A77T,L93P",0.12597027
"I276V,P536L",0.12596096
"N118D,E275K",0.12590125
"I45L,V496G",0.12579744
"S142P,I532M",0.12575011
"D12G,F22L",0.12569375
"P200S,I437V",0.12563285
"F274L,L413H",0.12553006
"I113V,E381V",0.12547678
"L35P,L199P",0.12523326
"F104L,P193S",0.12505986
"F109S,P188T",0.12503801
"I29V,Q141L",0.12502259
"Q10L,M317K",0.12489936
"F104L,Q511E",0.12485768
"L35P,A420V",0.12473373
"P188T,E464V",0.12470854
"V354M,G360R",0.124379694
"I6T,E464V",0.12429314
"P200S,P416T",0.1241641
"I113T,H430Q",0.12411767
"K309Q,F519S",0.124024734
"F42Y,G411S",0.12390648
"L417W,L468F",0.12383643
"R263G,I268T",0.12383081
"I6R,P123L",0.12354358
"T267S,L280S",0.12339406
"I41F,N379I",0.123293415
"F444S,K539E",0.123200536
"F104L,I532M",0.12315255
"L199P,I268T",0.12300131
"N379D,M382V",0.12297627
"L105P,A420V",0.12295109
"I29V,P492S",0.12292761
"Q511R,I540T",0.122809604
"I41F,I453F",0.12271907
"S202T,F337L",0.122676864
"F444S,A482T",0.122674674
"I268T,F337L",0.122393526
"L105P,I532M",0.12238891
"L280S,R546G",0.12230447
"N118D,G360R",0.122107476
"D185V,K397N",0.121972874
"T422S,D426G",0.12197259
"Q10L,N153S",0.12193783
"E125V,F512S",0.12172523
"L137P,A420V",0.12172211
"N255S,A550E",0.12163434
"I158L,F201Y",0.12154177
"L449S,V460A",0.12147243
"R143C,F519S",0.12131229
"N96S,K363R",0.12125822
"M317K,F444S",0.121242546
"Q13R,A66T",0.121129945
"F42Y,F337L",0.12096502
"E381V,D440G",0.120900705
"I45L,I242A",0.12082688
"Y30H,K287E",0.12081049
"I166T,M554T",0.12067073
"R143C,I504T",0.12048219
"I301V,A482T",0.120360866
"I301T,M317K",0.120258465
"D12G,E464V",0.12021419
"S499T,R548S",0.120061085
"E125V,I540T",0.11980561
"V184E,I187T",0.11973326
"G265D,A300V",0.1195483
"N44D,D544G",0.11929427
"L105P,D477G",0.11927273
"D154E,K397N",0.119242884
"A300V,S499T",0.11918339
"S202T,S505T",0.11908224
"K131E,L413H",0.1190541
"E180K,G360R",0.11899368
"V245G,S505T",0.11894016
"N118D,K539E",0.11889596
"I532T,M554T",0.11859155
"Y40N,D424G",0.11857855
"S24T,I301T",0.118565306
"A77T,C286Y",0.11854772
"G60D,S202T",0.11837752
"D12G,P416T",0.118271254
"D240G,A356L",0.11795451
"K515E,L545I",0.11789699
"P32L,D487G",0.117734924
"E180K,P188T",0.117733866
"I437V,L545I",0.11757031
"K131E,R263S",0.11745848
"A300V,A356L",0.11712179
"I29V,D424N",0.117095135
"E381V,I504L",0.116996214
"D39G,V446A",0.11693838
"Q3R,L393S",0.11692342
"L79P,P416T",0.116883576
"L79P,V497E",0.1168275
"G218V,N551D",0.116746135
"P394L,C402F",0.11667898
"Q282L,R404S",0.11661672
"Q10L,V354M",0.11643204
"G411S,A482T",0.11637556
"A482T,F528L",0.11632672
"E400G,C402F",0.11627811
"N406D,R542M",0.11623117
"G60D,A420V",0.11616214
"F22L,D477G",0.11610511
"G265D,D544G",0.11602309
"I445V,K515R",0.11591726
"S108P,K539E",0.11588197
"T71I,A112P",0.11578649
"Y30H,R263G",0.115542755
"I504L,K510M",0.11548524
"D426G,K543S",0.115478724
"Q10L,A482T",0.11541873
"P123L,E330V",0.11541782
"G111A,L280S",0.11541507
"G345S,S370T",0.11536403
"D88N,K147I",0.1152844
"K128N,D185V",0.1150955
"A77T,I268T",0.11504783
"S370T,I540T",0.1149399
"R143C,D240G",0.114802435
"V223E,E442K",0.114698075
"G218V,N524D",0.1146005
"E464V,K539E",0.114444
"Y40N,K425E",0.11443891
"D240G,T422S",0.114402376
"I138T,A482T",0.1143149
"F249L,N503S",0.11407873
"L82H,V496G",0.11404839
"S203Y,V526M",0.11389438
"T140S,A494V",0.11382841
"L93I,P123L",0.11363304
"V245G,V497E",0.11358595
"I276V,T431A",0.113527544
"F249Y,V354M",0.11344725
"P200S,L246S",0.113410234
"Q129L,D440G",0.11333211
"N44D,R263S",0.113218896
"I268T,E400G",0.11320998
"I45L,V100A",0.11320789
"L280S,P473L",0.113167
"F109K,K425E",0.1128588
"Q129L,R263S",0.11275579
"F42I,F337L",0.11270518
"T115S,Q152K",0.112685315
"Q282L,G345S",0.11242841
"D12G,G411S",0.11240394
"E180K,F444S",0.11232607
"Q152K,K525E",0.11232136
"I138T,I270L",0.11217713
"L54S,M409L",0.11210284
"N153S,P416T",0.112068854
"Q3R,D477G",0.11206821
"N18K,D477G",0.11199673
"A112P,N503S",0.111926414
"D426G,L553F",0.11180855
"G345S,K515R",0.11147082
"L75P,S531Y",0.11143835
"C286Y,A479G",0.11142553
"N406D,F519S",0.11133528
"I138T,N255S",0.11133295
"I113V,Q225R",0.11129067
"S24T,A494V",0.11104612
"L79P,V526A",0.11103451
"V159I,I408V",0.11086847
"L246S,N379D",0.11078613
"P188T,G360R",0.110670485
"L137P,C286Y",0.11059275
"V496A,F519S",0.110586
"K287E,I532M",0.1104331
"G218V,V368E",0.11042979
"L93I,M382V",0.11018039
"S203Y,I301T",0.11017139
"V354M,F444S",0.110104874
"I187T,V264A",0.110077046
"L105P,Q152K",0.11005908
"P188T,S203Y",0.11005137
"N18S,Y30H",0.109844774
"V139I,D487G",0.10978056
"K131E,R548S",0.1097432
"A372P,I453F",0.109723374
"P416T,L545I",0.10967712
"S116P,A300V",0.1096081
"S108T,I166V",0.10952718
"T140A,L280S",0.10949433
"N118D,G411S",0.10948638
"D9N,Q282L",0.10943101
"I276V,E451G",0.10938009
"I41T,R404S",0.10936483
"E330V,K525E",0.109364554
"V223E,D440G",0.10935924
"L137P,V526M",0.10935203
"T140S,N379D",0.10933605
"G111A,I445F",0.10930348
"D240G,L553F",0.10918049
"T71I,M554T",0.10908312
"L79P,T431A",0.10893151
"I187T,V223E",0.10893046
"N379D,H430Q",0.10888834
"M409L,F528S",0.10878665
"D9N,V100A",0.10874976
"I21T,V446A",0.10869612
"N33D,D88N",0.10869145
"A372P,I540T",0.10838944
"P473L,D487G",0.108252496
"G218V,K543E",0.10824254
"N503S,R546G",0.1081606
"S320F,L553F",0.10815162
"M382V,A494V",0.10813549
"D424G,I445F",0.108129464
"I6T,E180K",0.10811563
"L82H,A356L",0.10806069
"D438N,R546G",0.10798937
"T71I,M409L",0.10793524
"A112P,I540T",0.107908785
"I41F,L413H",0.10788863
"T267S,F458S",0.107835524
"I29V,Q129L",0.10778894
"S24T,P188T",0.107727185
"V294E,I453V",0.107683316
"Y40N,S537L",0.10752641
"F249Y,A550E",0.1075015
"V264A,E442K",0.10732642
"K425E,A479V",0.10731993
"D440G,M483I",0.107232355
"L199P,S531A",0.10717749
"S108P,A550E",0.107046515
"L54S,F201Y",0.10702081
"N8S,I270L",0.106961966
"R143C,S320F",0.10692013
"P32L,A420V",0.10681839
"V354M,S537P",0.10675206
"L54S,V197E",0.10672051
"D424G,D438N",0.10659005
"A356L,D544G",0.10636693
"N237D,A494V",0.106359825
"P200S,S531Y",0.106322646
"I138T,K539E",0.10625841
"I138T,V354M",0.10623925
"L82H,V496A",0.10613508
"Q13R,R263G",0.10613423
"G111A,I158L",0.10612329
"L393S,K525E",0.10599601
"I138T,L545I",0.105968356
"L54S,S116P",0.10594081
"V159I,F528S",0.10593962
"L93I,T431A",0.10586268
"L246S,K539E",0.10585998
"Q15L,M317K",0.10571281
"I270L,G360R",0.105561525
"S537P,A550E",0.10555258
"R143C,R404S",0.105548956
"L35P,V526M",0.10540283
"I532M,R546G",0.1051214
"Q141L,R548S",0.10506594
"L79P,L278F",0.10496602
"N153S,S537P",0.104818605
"V5A,I6T",0.10473615
"C402F,A479G",0.10468611
"P123L,N255S",0.10466634
"S261G,R263S",0.104531504
"D240G,V496G",0.10446893
"G265D,L413H",0.10442517
"V139I,D438N",0.10433395
"Q10L,Q15L",0.10425064
"L449S,N555D",0.104133
"N44D,I187T",0.10394873
"Q3R,S531A",0.10392521
"L75P,F444S",0.103591435
"L199P,E330V",0.10340656
"S320F,V496G",0.10334437
"L280S,S537L",0.10333305
"L280S,K425E",0.10328037
"L393S,L443P",0.10326625
"I158L,V377M",0.10325626
"E381V,L413H",0.10323915
"Q10L,I166T",0.10321224
"Q10L,F48S",0.10319659
"I268T,K287E",0.102922596
"I113V,M483I",0.102884166
"F512Y,S531A",0.102869675
"G360R,A550E",0.10274853
"N8S,N18S",0.10264636
"D441N,D544G",0.10247107
"D9N,S514T",0.10241543
"E125V,I158L",0.102351986
"R143C,G345S",0.102145016
"V139I,A479V",0.10214339
"K309Q,I445V",0.10202543
"N96S,S514T",0.1019912
"N44D,D440G",0.10195601
"V5A,V245G",0.10195107
"L199P,M317K",0.10192385
"A77T,P193S",0.101922475
"F48I,L545I",0.10159649
"F201Y,I276V",0.10145209
"S116Y,I453F",0.10130349
"F444S,E464V",0.10129691
"Q15P,L393S",0.10118276
"N414D,F512Y",0.101160355
"P188T,G411S",0.10115682
"F42I,F109L",0.10055661
"V139I,A420V",0.100485444
"L54S,Q225R",0.1003839
"T289S,A494V",0.10036502
"E180K,E464V",0.10033375
"I6T,F512Y",0.100305036
"T140S,Q511E",0.100120544
"Q15P,C286Y",0.09993114
"I408V,K510E",0.09992637
"Q15P,A420V",0.09963564
"I158L,V526A",0.09962036
"I276V,S499T",0.09959307
"T71I,G111A",0.09950941
"G111A,V245G",0.099499404
"T267S,I540T",0.099478744
"N81Y,L553F",0.099472925
"N8S,S537P",0.099123314
"E400G,D477G",0.09899719
"F22L,I301V",0.098974854
"I41F,A300V",0.098700166
"T529P,L545I",0.09868016
"P188T,P394L",0.09857188
"S142P,D477G",0.09852716
"D426G,V496A",0.09846111
"S133P,Q141L",0.09845077
"L443P,D487G",0.0984242
"I166V,F528L",0.098411635
"K543M,R548S",0.098269366
"E330V,A479G",0.09805136
"I158L,V497E",0.09795211
"N56D,E442K",0.09792164
"T114P,I301V",0.09790837
"Y30H,V159I",0.09760527
"C244W,G374C",0.09753358
"L393S,K515E",0.097471304
"N153S,A550E",0.097332165
"D438N,E451G",0.0973085
"F22L,E464V",0.097307
"N255S,K515E",0.097091764
"E330V,F337L",0.09687539
"C286Y,K287E",0.096620224
"V5A,I6R",0.096552625
"T71I,P536L",0.09629503
"I45S,K410R",0.09608841
"L413H,D424N",0.09596596
"L246S,N414D",0.09596134
"I166V,K287E",0.09586297
"L79P,M554T",0.09584525
"I301V,P416T",0.095761746
"N8S,F104L",0.09569964
"P200S,L417W",0.09569915
"D39G,V493A",0.0956938
"T71I,K425E",0.09569001
"K85E,I408V",0.095649615
"R263S,K543M",0.09561696
"I270L,S531Y",0.09551017
"F22L,L393S",0.09550542
"A372P,F528S",0.095501244
"L199P,E275K",0.09546223
"I41T,D240G",0.09540671
"Q225R,L413H",0.09535347
"Q225R,I504L",0.09532622
"S108T,N414D",0.09507753
"F274Y,F528S",0.09495846
"V354M,E464V",0.0949091
"G345S,V496G",0.09490177
"T71I,Q511R",0.09489618
"V159I,L545I",0.09488021
"I408V,D424N",0.094867334
"D39G,A112E",0.09484867
"V159I,I453F",0.094743386
"L93P,V497E",0.09471719
"V139I,C402F",0.09464533
"M271I,I453V",0.09445539
"R263S,G427C",0.09434298
"G345S,K484R",0.094303355
"P200S,S203Y",0.09427767
"A77T,D477G",0.09414408
"G60D,E330V",0.094052024
"P32L,P193S",0.09404001
"I166V,M382V",0.09356264
"N33I,L93I",0.09342551
"S108P,S531Y",0.09337762
"L54S,G265D",0.09333829
"F48I,A420V",0.09327772
"F22L,G411S",0.093191
"F104L,F249Y",0.09287171
"L54S,D424N",0.09286669
"D88N,G374C",0.092708714
"R25G,R404S",0.09269332
"L278F,I408V",0.092617765
"V513A,R542M",0.09252895
"I445F,Q511R",0.09247811
"N8S,P416T",0.09244402
"D9N,I242A",0.092401
"I138T,I437V",0.09239556
"F109R,Q129L",0.09237017
"L93I,E451G",0.092338964
"N44D,I408V",0.092324264
"I270L,P416T",0.092322335
"D154E,E364G",0.092251144
"P200S,K525E",0.0921592
"A112P,F458S",0.09209473
"L199P,G360R",0.09207396
"N18I,N153S",0.09196121
"F337L,Q511E",0.09189883
"A356L,D440G",0.091848835
"I301T,F528L",0.09179955
"Q15L,N153S",0.09179725
"D12G,S108T",0.09178488
"T114P,T140S",0.09175353
"L35P,A494V",0.091711685
"I453V,A488T",0.09166179
"L105P,N379D",0.09164365
"I270L,S537P",0.09150662
"V294E,N414S",0.09135744
"A356L,R548S",0.091054514
"I268T,M382V",0.09094727
"I187T,I242A",0.090931885
"I445F,T529P",0.090709776
"E451G,A479V",0.09060439
"N56D,R404S",0.09052341
"P123L,D477G",0.090505965
"C286Y,H430Q",0.090447195
"N96S,P462R",0.09039663
"L199P,P200S",0.090385616
"G345S,V480A",0.09004126
"I276V,V526A",0.089814425
"V5A,D441G",0.0897815
"S24T,V354M",0.08974625
"I301V,V354M",0.08964435
"N379D,P536L",0.08964231
"S320F,S502C",0.08961645
"S142P,C402F",0.08957365
"A372P,F458S",0.08956049
"P32L,E330V",0.08955684
"D12G,L35P",0.08942977
"Q15P,D477G",0.08939871
"A66T,L468F",0.08934727
"I45L,N406D",0.08932465
"L449S,K534R",0.08923081
"Y30H,T267S",0.08919175
"Q13R,T289S",0.08915683
"Q10L,F444S",0.08907032
"Y30H,S505T",0.089066185
"I29V,K543M",0.089040145
"L199P,A550E",0.08902126
"E275K,A550E",0.08882729
"T71I,V497E",0.088629864
"H216L,G218V",0.08850532
"F48I,I276V",0.08841852
"S142P,A494V",0.08812679
"F512S,I523V",0.087948136
"E381V,N503S",0.08751921
"T71I,R546G",0.087449685
"F201Y,F458S",0.087142006
"L137P,A494V",0.08711757
"P32L,I268T",0.08711056
"S133P,E381V",0.08698312
"Q141L,I453F",0.08696928
"C402F,P473L",0.08692753
"R404S,L553F",0.086881034
"V139I,N153S",0.08682267
"I45L,V446A",0.08676693
"A66T,S531A",0.086656965
"E330V,M382V",0.0865677
"Q3R,A494V",0.08633235
"G360R,I437V",0.08625384
"S108T,L393S",0.08617728
"R263S,A356L",0.086136214
"F48Y,D477G",0.086004496
"Q10L,I301V",0.08598979
"L278F,L545I",0.08593739
"T2I,D487G",0.08590684
"Y40N,E47K",0.08565115
"L105P,E330V",0.08549611
"I270L,F444S",0.08522864
"P193L,I445F",0.08517163
"F104L,N118D",0.085110895
"I41F,R548S",0.08499517
"K515E,K539E",0.084814765
"D164V,G374C",0.084809445
"S202T,P536L",0.084770374
"G345S,V496A",0.08445707
"E330V,F512Y",0.08441223
"S531Y,A550E",0.084371455
"F22L,S537P",0.08432545
"S261G,I445F",0.08430183
"Y30H,P536L",0.08428245
"S502C,F519S",0.08405472
"F337L,I532T",0.083904736
"F109L,E330V",0.08380313
"S108T,L468F",0.08350135
"L35P,K539E",0.083438985
"K149E,N503S",0.0834386
"Q152K,V377M",0.08337574
"H430Q,Q511E",0.0833057
"D164N,K484R",0.08321491
"I283M,E486G",0.083171606
"N8S,A77T",0.082893446
"I21T,K309Q",0.08288234
"S108P,L137P",0.08277319
"I268T,P473L",0.08266477
"I6R,E400G",0.082523935
"F22L,I138T",0.08251363
"D544G,L553F",0.08249235
"V100A,R404S",0.0824253
"F249L,N379D",0.082381815
"F104L,M317K",0.082338475
"N406D,I445V",0.08227356
"Q13R,P32L",0.08223738
"L199P,A482T",0.08214979
"Q13R,G60D",0.08213642
"I113T,K149E",0.082072705
"Y30H,A372P",0.081988275
"Y235C,R542M",0.08190621
"F22L,P416T",0.08185135
"E47K,I540T",0.081831895
"F48I,S202T",0.08168402
"I187T,A356L",0.08162574
"I251K,K410R",0.08155605
"F48L,L280S",0.081420876
"F337L,C402F",0.08141351
"C402F,H430Q",0.08140371
"D12G,L105P",0.081391335
"S505T,F528S",0.0813331
"K149E,V245G",0.08130309
"P200S,A479G",0.08129922
"F337L,D438N",0.08125289
"I301V,E464V",0.081231944
"T422M,I445F",0.08119428
"D477G,S505T",0.08106458
"Y30H,M409L",0.08097694
"S108P,F444S",0.08093584
"L280S,I523V",0.080846
"N18K,K539E",0.08083808
"Y40N,S261G",0.080700584
"F249Y,F512Y",0.08049035
"N56D,I504T",0.08040626
"F22L,P394L",0.08027165
"T2I,T114P",0.08026653
"L93I,A372P",0.08021652
"V5A,A479V",0.08016013
"E400G,L468F",0.08007302
"F22L,N237D",0.08005297
"L137P,L246S",0.07980107
"I268T,H430Q",0.07973474
"G60D,P193S",0.079661526
"T2I,S202T",0.0796198
"L75P,I301T",0.079500824
"L443P,I532M",0.07939588
"N8S,L199P",0.07922308
"N118D,A550E",0.079159185
"L93I,G111A",0.07903494
"N8S,F337L",0.07894142
"R263G,A420V",0.078872874
"D12G,E400G",0.07848507
"I158L,Q511R",0.07848378
"V159I,I445F",0.07841503
"F109K,V197E",0.07829352
"E442K,V496A",0.078254
"E442K,V480A",0.07821917
"F458S,S537L",0.078069076
"Q3R,N414D",0.078026295
"L79P,K425E",0.077888794
"L393S,F512Y",0.0777933
"L54S,M483I",0.077630706
"D441G,S537L",0.077597685
"P416T,I437V",0.077539235
"V245G,T422M",0.077420905
"V377M,D441G",0.07723306
"V480A,D544G",0.07710338
"L199P,S531Y",0.07704197
"F458S,T529P",0.076988086
"D12G,A479G",0.07696103
"T71I,P492S",0.07693877
"I276V,Y455N",0.07691155
"G111A,S202T",0.07687857
"T2I,I540T",0.076868676
"Q152K,L443P",0.07675315
"N503S,K510M",0.07661939
"F458S,S505T",0.07653747
"E451G,L545I",0.076444685
"I301V,F512Y",0.07631295
"Q10L,S531Y",0.07629871
"I6T,S499T",0.0759876
"A112P,V245G",0.07594715
"D426G,S514T",0.07592334
"I158L,S261G",0.075641625
"A356L,I408V",0.075620316
"D164V,K383N",0.075527735
"G60D,I268T",0.07551537
"M317K,F512Y",0.07547584
"V5A,Y30H",0.07529993
"S108P,N118D",0.07515191
"N255S,T289S",0.07515054
"M382V,L545I",0.07494521
"H430Q,L545I",0.07486823
"Q152K,R546G",0.07486812
"T267S,N379D",0.0747494
"L105P,K539E",0.07471595
"I268T,V377M",0.07451718
"P32L,L79P",0.0744087
"N118D,I437V",0.07428371
"V354M,P416T",0.07420869
"L468F,A479G",0.074189685
"F42I,I138T",0.07411616
"Q3R,M317K",0.07410846
"F458S,Q511R",0.07407167
"I276V,T422M",0.07396775
"Q225R,I408V",0.07389804
"V245G,S261G",0.07369703
"V245G,I523V",0.07367214
"I301V,F444S",0.0736635
"D424G,D477G",0.07339246
"L443P,D477G",0.07327165
"L79P,S116P",0.07323092
"Q3R,P200S",0.07317433
"F42Y,N237D",0.07309265
"V496A,D544G",0.072955936
"R25G,G345S",0.07289905
"W428R,R542M",0.072852045
"N56D,D426G",0.0728268
"V197E,L280S",0.07271001
"L137P,V354M",0.07263224
"Q10L,I138T",0.072455056
"T140A,I276V",0.07237621
"K147I,I453V",0.07233785
"N153S,S531Y",0.07233194
"Q3R,Q10L",0.07217197
"D424G,F458S",0.072163105
"V139I,P193S",0.07215255
"N118D,N237D",0.072008826
"D9N,Y235C",0.072007984
"Q10L,A550E",0.07196229
"F42I,L137P",0.07195489
"I6T,A479G",0.071911685
"A77T,P188T",0.07188653
"D164G,T289S",0.07187666
"R25G,S320F",0.07158396
"I187T,L553F",0.071543254
"T115S,E464V",0.0714939
"Q3R,K539E",0.07130735
"L105P,P200S",0.07119808
"N414Y,V446A",0.07102555
"V139I,Q152K",0.07098438
"T114P,L443P",0.070960686
"I437V,F444S",0.07086517
"I251T,N524D",0.07084131
"D424G,Q511E",0.07081185
"S24T,E275K",0.0708054
"I138T,F528L",0.07067742
"S320F,K484R",0.070669435
"I6R,T431A",0.07053955
"D12G,S142P",0.070523575
"Q129L,S133P",0.0703993
"L35P,I532T",0.07030173
"P193L,F528S",0.070270844
"K85E,S133P",0.07026887
"L137P,M317K",0.07001549
"N237D,D441G",0.06999277
"I270L,A550E",0.069949046
"K149E,D441G",0.06979462
"K397N,N414K",0.069696456
"F109R,K543S",0.06961305
"S116Y,I445F",0.06955497
"T2I,I276V",0.069485985
"S24T,N503K",0.06936607
"N81Y,S514T",0.06917702
"P394L,L545I",0.06912574
"E47K,T71I",0.06906835
"D438N,S537L",0.069040045
"S142P,L393S",0.06886783
"P123L,L393S",0.06884247
"I268T,K425E",0.06864663
"T267S,L545I",0.06859369
"S24T,S531Y",0.06855676
"I29V,V264A",0.068454884
"A420V,K425E",0.06839596
"I41T,D440G",0.06832491
"S116Y,L280S",0.068184294
"A420V,L443P",0.06814008
"S261G,F512S",0.06804593
"L278F,I504L",0.06802576
"G345S,N406D",0.06786591
"S24T,N153S",0.06770049
"L75P,T115S",0.067603275
"L246S,A482T",0.067472756
"L54S,V223E",0.06741092
"V184G,C244W",0.067361355
"S116P,L280S",0.067361265
"L79P,E451G",0.06723144
"L93P,Q511R",0.06707464
"P188T,P473L",0.066887796
"D438N,S499T",0.06683769
"G60D,L545I",0.06682343
"A112P,A420V",0.066814154
"L79P,V197E",0.06675103
"T114P,T289S",0.06672392
"L93P,V159I",0.06665746
"M409L,D441G",0.06665619
"Q13R,F48L",0.06650631
"E125V,A420V",0.06649763
"N8S,S531Y",0.06643577
"N96S,V493A",0.06642713
"M382V,S531A",0.06636349
"V139I,A494V",0.066278175
"Q15L,F444S",0.06625295
"I158L,V159I",0.0662279
"I242A,R404S",0.06620831
"V526M,M554T",0.06610809
"K128N,N414K",0.06609919
"K147I,G218V",0.06605351
"T267S,D438N",0.06583943
"V197E,V245G",0.06581976
"I138T,G360R",0.06578951
"N8S,P32L",0.06573494
"S203Y,E275K",0.065698616
"L105P,L199P",0.065680265
"T289S,D477G",0.06558975
"I270L,P394L",0.065519996
"F512Y,V526M",0.06551326
"I532M,S537L",0.065292835
"K425E,I532M",0.065161094
"I45S,N255D",0.06510527
"D438N,Y455N",0.064940855
"A420V,E451G",0.06492085
"K309Q,E442K",0.06482488
"L199P,G411S",0.06474085
"H216R,R542M",0.06448237
"Y40N,S499T",0.064438835
"P188T,F337L",0.06415723
"L93P,R546G",0.064118996
"S261G,D438N",0.06391199
"S24T,L75P",0.06372992
"Q152K,P394L",0.06369294
"I6T,L199P",0.06361741
"S24T,S203Y",0.06360852
"S261G,D487G",0.06360242
"S202T,S261G",0.06352821
"I242A,D426G",0.06349859
"C286Y,V377M",0.063473694
"V5A,F458S",0.06334857
"A482T,K515E",0.06333554
"K149E,S202T",0.06329225
"G265D,F512S",0.06301277
"Q15P,I532T",0.0628476
"N33I,S202T",0.06270298
"F104L,L393S",0.062605366
"T140S,I532M",0.062485546
"W428R,F519S",0.06247587
"N8S,P473L",0.06244372
"T2I,N255S",0.062418833
"N96S,N524D",0.06240231
"I251T,M483R",0.06234868
"Q10L,S24T",0.062253132
"F201Y,Q511E",0.062189743
"N414Y,W428R",0.062131666
"I437V,A550E",0.061953317
"I523V,F528S",0.06182877
"V497E,N503S",0.061728526
"T2I,D438N",0.061604936
"I41T,F519S",0.061194193
"P193S,P536L",0.061153106
"N44D,F458S",0.06115295
"N503S,K543M",0.061117873
"I166T,F512Y",0.061112937
"Q13R,G111A",0.061052207
"G265D,N503S",0.061026487
"K85E,I453F",0.0609072
"L75P,S142P",0.06084582
"L417W,A550E",0.060844943
"F48I,A494V",0.06067789
"N56D,D240G",0.060649365
"F249Y,M554T",0.06058266
"D164G,K425E",0.060556453
"Q3R,N255S",0.060450315
"L280S,D424N",0.060424734
"V446A,F519S",0.060347144
"G111A,D441G",0.06030583
"A300V,S370T",0.060245402
"L79P,P394L",0.06014642
"E442K,S502C",0.060092818
"A420V,R546G",0.060037203
"G345S,S502C",0.060018186
"P32L,L393S",0.059819594
"I6R,V497E",0.059770733
"I113T,E125V",0.059731025
"V368E,L449S",0.059724465
"L93I,T140A",0.059361577
"F337L,A482T",0.059257712
"Y30H,F274Y",0.05921355
"N255S,H430Q",0.059153974
"P123L,K539E",0.05907784
"I301V,G411S",0.059018895
"P32L,Q152K",0.058620557
"I187T,Q282L",0.058595218
"A372P,D438N",0.058443658
"P416T,F444S",0.05836758
"N379D,E451G",0.058266006
"D12G,M382V",0.058193002
"F22L,S108P",0.058162276
"T267S,D441G",0.058155145
"L93P,E451G",0.058027375
"R542M,N555D",0.057933558
"A130S,G538R",0.057820123
"G411S,I437V",0.05756231
"V245G,L278F",0.05754082
"C286Y,E451G",0.057503354
"C402F,S505T",0.057403546
"D88N,E486G",0.057386294
"G218V,K397N",0.05714247
"F528L,S537P",0.05701287
"L449S,K510R",0.05700972
"I301T,K525E",0.056672268
"I453F,K510M",0.056309957
"C286Y,S537L",0.05625957
"I6T,P536L",0.056088503
"L93I,P536L",0.055988483
"D487G,T529P",0.055951655
"E381V,I453F",0.05590245
"A420V,T529P",0.05570568
"A66T,F444S",0.055675697
"D240G,I242A",0.055644844
"F109K,T140A",0.055595584
"A66T,E180K",0.055552986
"F109S,I138T",0.055524256
"S108P,P188T",0.055106558
"Q152K,F337L",0.05494085
"N44D,F109K",0.054887973
"N8S,T140S",0.054695316
"I166V,I523V",0.05463359
"Q15P,E330V",0.054469995
"V5A,C286Y",0.05438692
"P473L,L545I",0.054371085
"I113T,S370T",0.05436901
"S261G,I532M",0.054334182
"N255S,K287E",0.05432249
"I532M,P536L",0.05427047
"K425E,D477G",0.054260608
"T71I,G265D",0.05410801
"T267S,E330V",0.053980947
"F109K,K131E",0.053955738
"I437V,M554T",0.053952914
"S142P,K539E",0.053908717
"L75P,K515E",0.053855076
"F42I,P473L",0.053617507
"A66T,I270L",0.053492047
"N8S,L417W",0.053434554
"F201Y,D438N",0.053427145
"Q152K,Q511R",0.053256296
"Y40N,Q225R",0.0532444
"Y40N,M483I",0.052975252
"L93P,P473L",0.052904725
"G218V,E364G",0.052675806
"L105P,N153S",0.052609183
"K510E,F512S",0.052564956
"T2I,L75P",0.05253537
"Q15L,L417W",0.05246206
"G360R,P416T",0.052439887
"S142P,N255S",0.05229127
"Q15L,E464V",0.05222244
"V100A,D544G",0.052075684
"N8S,S108T",0.0520704
"D240G,K309Q",0.052007303
"I166V,T431A",0.051908042
"T2I,C286Y",0.05189535
"V354M,K525E",0.05185332
"I166V,F337L",0.051794123
"L79P,F274I",0.05174525
"Q15L,A550E",0.051617734
"T289S,F528I",0.05147331
"F104L,T114P",0.051416114
"K131E,L280S",0.05141075
"H430Q,S531A",0.051383592
"K128N,G218V",0.051363382
"N56D,A300V",0.05125033
"G60D,L393S",0.051078834
"F22L,K525E",0.05103815
"C286Y,L443P",0.05100791
"V100I,I251T",0.050891444
"T71I,L278F",0.050832935
"I45G,M554T",0.050805256
"P188T,A550E",0.050667044
"I158L,S370T",0.05040635
"E451G,D477G",0.050348543
"Y30H,I523V",0.05032987
"E330V,P536L",0.050297022
"Q15P,S537P",0.050073214
"D477G,V526A",0.04988552
"T289S,L468F",0.049686205
"K85E,I158L",0.049540244
"Q13R,E451G",0.04953537
"V20I,D39G",0.049391974
"T115S,I437V",0.049347334
"L75P,E125K",0.0493216
"R404S,S502C",0.04924249
"P193L,S202T",0.049208906
"R263S,Q282L",0.04916192
"T114P,M382V",0.048907623
"D164G,T431A",0.048885003
"T115S,I270L",0.04887863
"A420V,S505T",0.04883448
"N503K,K515E",0.048770495
"A494V,R546G",0.04862702
"S116Y,V245G",0.048563115
"Q3R,L199P",0.048548866
"G411S,S531Y",0.04853984
"F42Y,G60D",0.048487328
"S116Y,D438N",0.048481885
"V5A,T71I",0.048368905
"E125V,A494V",0.04831837
"Q15P,N414D",0.048226956
"G60D,E275K",0.048129864
"L545I,R546G",0.048115596
"L82H,V446A",0.048085727
"F22L,L417W",0.048080094
"N237D,L393S",0.047979448
"T115A,L449S",0.047959268
"F48L,I270L",0.047737885
"T71I,M483I",0.0476801
"A420V,T422M",0.047427513
"V100A,E442K",0.047422353
"D9N,N406D",0.04737888
"E464V,A550E",0.04737634
"L79P,P473L",0.04727535
"I158L,A356L",0.04724037
"V245G,P492S",0.047153592
"I276V,V368A",0.04682948
"L82H,K484R",0.046570532
"S202T,T529P",0.04652814
"T422S,N503S",0.04625471
"D9N,A112E",0.04624203
"Q3R,G360R",0.046202645
"E451G,A494V",0.046134256
"T71I,A356L",0.04602947
"F42I,V159I",0.045960475
"A66T,E464V",0.045838106
"N33D,N96S",0.045795772
"F104L,E464V",0.045592926
"N96S,K410R",0.0453017
"C402F,M409L",0.0452811
"N33I,F48S",0.045173686
"N153S,M554T",0.04514362
"G111A,Q152K",0.045134295
"N255S,R263G",0.04501195
"Y40N,V264A",0.044926118
"L449S,N551D",0.044893526
"T71I,K131E",0.044630587
"L413H,D441N",0.04445308
"A356L,I453F",0.04440651
"S116P,V245G",0.04440471
"I45G,E275K",0.04440342
"Q141L,I276V",0.04432972
"E180K,S203Y",0.044328
"E47K,I158L",0.044307604
"A494V,S505T",0.04419912
"L199P,I301T",0.044137914
"S142P,A482T",0.044134345
"L137P,S531Y",0.043946397
"M317K,E400G",0.043878194
"S514T,I540T",0.043785468
"L449S,N524D",0.043770403
"L35P,A550E",0.043762777
"V100A,D440G",0.043547463
"L199P,S203Y",0.043474045
"Q282L,R548S",0.04343284
"F104L,I301T",0.04337786
"A494V,I523V",0.043355137
"P394L,E464V",0.043346524
"T422M,D441G",0.04332971
"T71I,S261G",0.043108344
"D164G,I523V",0.043102913
"D12G,H430Q",0.04308262
"I166T,L246S",0.043037474
"D185V,K383R",0.04286949
"A479G,F528I",0.04280114
"L393S,Y455N",0.042572685
"G111A,C402F",0.042462233
"R263G,I301V",0.042455584
"Q152K,H430Q",0.04241652
"T267S,L393S",0.04241056
"L105P,S108P",0.042402048
"D164N,H216R",0.042081453
"T431A,L468F",0.04166954
"N237D,I532T",0.041591022
"K287E,M317K",0.04148509
"N118D,M554T",0.041441604
"S108P,S142P",0.041383266
"I242A,S320F",0.041347027
"I268T,M409L",0.041282974
"I276V,D424N",0.041273125
"S261G,I268T",0.041267425
"K309Q,I504L",0.041002326
"D185V,E486G",0.040973496
"L137P,A482T",0.04093448
"N33I,C286Y",0.040869948
"C286Y,V497E",0.0408419
"F201Y,C286Y",0.040510133
"L280S,D441N",0.04050763
"K131E,F528S",0.04045916
"S203Y,F444S",0.040320985
"G111A,A420V",0.04031712
"D440G,S514T",0.040111594
"V513A,F519S",0.04010574
"E125K,I270L",0.0400525
"N379I,S502C",0.039946582
"N237D,I270L",0.03966296
"T115S,A550E",0.039615244
"V245G,G427C",0.0395764
"I29V,S514T",0.03954751
"T71I,Q141L",0.039517853
"N33I,L79P",0.039449412
"Q10L,M554T",0.03932582
"I166V,E451G",0.039273728
"D12G,T289S",0.039120134
"V5A,C402F",0.039090328
"D88N,H472R",0.038822073
"M382V,L468F",0.03875918
"T2I,Q511E",0.03837704
"Y30H,S261G",0.03836404
"W428R,E442K",0.038164053
"P462R,F519S",0.03815564
"A66T,I437V",0.038086873
"Q10L,L137P",0.038066983
"S108T,F528I",0.037850462
"I158L,E381V",0.03784754
"N118S,K454R",0.037599117
"I187T,V446A",0.037463766
"Y30H,G265D",0.037296362
"E125K,S537P",0.037279237
"Y40N,K543S",0.037213437
"S142P,G360R",0.03719029
"I242A,D544G",0.037134796
"N379D,I523V",0.037019543
"V100I,F519S",0.036961094
"F42I,S203Y",0.036899336
"S108P,K525E",0.03678365
"Q3R,I301T",0.03674173
"Q10L,L35P",0.03662379
"F22L,S108T",0.036568385
"V159I,C402F",0.036541846
"A130S,V290G",0.036347277
"I138T,M554T",0.036278725
"T114P,E400G",0.03622151
"F42Y,L443P",0.036186904
"L137P,L417W",0.03614057
"S320F,V446A",0.036112722
"F48I,P200S",0.036027472
"N237D,G411S",0.036000118
"P188T,P536L",0.035907336
"E464V,K525E",0.03578745
"N153S,P536L",0.035667017
"F274I,I445F",0.03556158
"L93I,F201Y",0.035452366
"P473L,V526M",0.035371445
"Y235C,D426G",0.035370518
"L468F,T529P",0.035184983
"A372P,C402F",0.035021964
"G60D,D164G",0.034984462
"K484R,I504L",0.03491073
"Y30H,Q141L",0.03477266
"N255S,T267S",0.03475234
"F249Y,E400G",0.03473975
"G60D,V354M",0.034712724
"A77T,I270L",0.03440194
"F249L,D438N",0.034367412
"V20I,R542M",0.034314837
"E400G,N503K",0.03430773
"G411S,K525E",0.034293566
"Q13R,Y455N",0.03424199
"R263G,M317K",0.03415607
"A66T,S531Y",0.034155056
"E125V,N255S",0.034104012
"T2I,Q152K",0.034097716
"V354M,M554T",0.034064658
"T140S,S531A",0.034056146
"P123L,E180K",0.033928387
"V264A,L280S",0.033896744
"F249L,C286Y",0.033673026
"I21T,N81D",0.033672348
"V5A,I166T",0.03351882
"E125K,I301V",0.033471502
"G60D,I270L",0.03305596
"Q13R,S499T",0.033004884
"P200S,P536L",0.032918762
"P193L,D441G",0.032900292
"S116P,I276V",0.032895412
"V184E,A300V",0.032747976
"L417W,E464V",0.032704756
"C402F,V497E",0.03242868
"L468F,V497E",0.032427955
"D477G,P536L",0.03239632
"N118D,P473L",0.032367744
"S499T,N503S",0.032356005
"T114P,K287E",0.032330334
"A112P,C286Y",0.032269575
"E464V,K515E",0.032199986
"Q152K,P473L",0.032188658
"G345S,V446A",0.03215616
"F22L,M382V",0.032071218
"G60D,L468F",0.032056913
"I138T,A550E",0.032055035
"F104L,P416T",0.03197
"C402F,T529P",0.03173506
"A112P,L545I",0.031584032
"P123L,V354M",0.03149682
"M317K,S505T",0.031360723
"F48Y,F528I",0.031287238
"P473L,A482T",0.031071909
"I301V,P394L",0.031069694
"P32L,M317K",0.030861996
"Y40N,V223E",0.030776987
"Q13R,S261G",0.030654237
"L246S,L417W",0.030644331
"L75P,V377M",0.03056337
"C402F,Y455N",0.030554557
"A77T,E464V",0.03040429
"Q15P,A550E",0.030284692
"T115S,L199P",0.030170798
"T114P,M554T",0.03009788
"V354M,P394L",0.030054092
"I453F,M483I",0.02988509
"A66T,I138T",0.029749118
"E180K,N237D",0.029731072
"I268T,T431A",0.029717114
"P32L,L468F",0.029682852
"K515R,R548S",0.029680688
"S108T,I437V",0.029620808
"V145A,D544G",0.029542338
"E400G,E464V",0.029494986
"F42Y,S499T",0.029406393
"H430Q,V526M",0.029344097
"N118D,V139I",0.02919384
"E330V,T431A",0.029142871
"V139I,E180K",0.029120684
"I283M,K336R",0.029056028
"A77T,I301T",0.028678413
"S24T,G411S",0.028530465
"I45G,K525E",0.028459677
"I242A,I504L",0.028171752
"T114P,P394L",0.028103277
"T267S,I532M",0.028094407
"L82H,V493A",0.0279469
"Q282L,L413H",0.027927872
"S116Y,I268T",0.027883757
"V100I,R542M",0.027765587
"L93I,E381V",0.027692698
"Q225R,I445F",0.027359042
"T140S,V526M",0.027356464
"L468F,S505T",0.027135992
"E180K,K515E",0.027135896
"Q13R,V159I",0.027036723
"D164G,S499T",0.026752139
"T114P,P123L",0.026735079
"A112P,E330V",0.026672915
"S24T,L199P",0.026638024
"N96S,T115A",0.026606046
"T289S,M317K",0.026475893
"N18K,I437V",0.026352467
"K309Q,D440G",0.026350155
"G360R,M554T",0.026343416
"T140A,S202T",0.026265854
"D12G,N237D",0.026259556
"T71I,Q129L",0.026177913
"M382V,V526M",0.026096959
"R404S,V513A",0.02605002
"Q3R,E180K",0.02602237
"A300V,K309Q",0.026008744
"P394L,L468F",0.02594553
"K147I,I251K",0.025926255
"G60D,E180K",0.02584352
"G60D,P188T",0.025772672
"E400G,G411S",0.025765056
"I138T,K515E",0.025750406
"G345S,W428R",0.025625173
"V197E,A479V",0.025508344
"Y30H,K510M",0.02542815
"P200S,M409L",0.025285065
"Q152K,I523V",0.02522176
"K149E,C402F",0.025204688
"F337L,G360R",0.025045592
"D426G,W428R",0.025022823
"I21T,E189G",0.0246339
"I268T,L443P",0.024628077
"T289S,F444S",0.024525544
"L35P,L417W",0.024428133
"D164G,T267S",0.024330847
"Q15L,L137P",0.024247002
"A356L,I445F",0.024151964
"N44D,V245G",0.024088811
"M382V,F528I",0.024083145
"M483I,I540T",0.02408158
"N237D,K539E",0.02394784
"E330V,A372P",0.023942396
"D154E,E486G",0.023737751
"S108T,F444S",0.023692753
"N153S,F274L",0.023643475
"N379I,D441N",0.023464918
"V145A,E442K",0.023445897
"F42I,Y455N",0.023411375
"S24T,F109S",0.023318827
"I113T,P492S",0.023302505
"F109K,V223E",0.02312205
"D441G,P492S",0.023064598
"L79P,P536L",0.022825088
"P193L,A494V",0.022582222
"C286Y,S499T",0.022581972
"F337L,V526M",0.022427838
"D477G,Q511R",0.022244617
"N153S,V159I",0.022155998
"P416T,K515E",0.022096246
"D438N,P492S",0.02208895
"V139I,I268T",0.022062287
"I6T,K149E",0.022033073
"S133P,V496A",0.022001993
"E47K,S202T",0.021985069
"N18K,P416T",0.021860573
"L137P,N503K",0.021835258
"Q141L,Q511E",0.021798743
"T422M,A494V",0.021763032
"V377M,K539E",0.021671845
"S142P,N153S",0.021661535
"L105P,N503K",0.021642443
"I41F,S202T",0.021431148
"E442K,V446A",0.021408297
"Q10L,L105P",0.021255502
"K85E,F109K",0.021115972
"S133P,L553F",0.021039287
"F42Y,K149E",0.020781215
"Q3R,G411S",0.020767443
"V5A,P193S",0.020656716
"L75P,V497E",0.020581182
"T2I,F444S",0.020566631
"S133P,S502C",0.020565253
"K539E,R546G",0.020534692
"T289S,G411S",0.020507332
"A77T,I437V",0.020480579
"K287E,F528I",0.02046003
"N255S,F274I",0.020410346
"V245G,V264A",0.020385617
"F42I,E451G",0.020332437
"V145A,D440G",0.020278873
"Q3R,N8S",0.020201646
"N379I,S514T",0.020093126
"L417W,F512Y",0.020062886
"Q10L,E400G",0.020044524
"V7D,I283M",0.019905053
"F274I,C286Y",0.019877449
"G111A,D477G",0.019798934
"N524D,R542M",0.0197795
"N18S,I268T",0.019706272
"D154E,K383R",0.019629985
"Q10L,P123L",0.019545725
"E330V,S505T",0.019539524
"V5A,L545I",0.019502616
"L417W,M554T",0.019493442
"P32L,F444S",0.019331492
"V480A,I540T",0.019326841
"A66T,S203Y",0.019289266
"R25G,R548S",0.019261984
"I408V,V480A",0.01923918
"I113V,V145A",0.019217253
"D39G,T529A",0.019103535
"E381V,A420V",0.019005453
"P32L,V354M",0.01893245
"Y235C,R404S",0.018859902
"F22L,F48I",0.01881957
"Q13R,Q141L",0.018810073
"F444S,M554T",0.018787505
"Q282L,I540T",0.018745027
"I268T,Q511R",0.01860749
"Q129L,V245G",0.018556278
"K85E,L280S",0.018527774
"I251T,G435R",0.018407667
"F249L,E330V",0.018340858
"I45G,S505T",0.018304609
"Q10L,G60D",0.018246848
"L105P,S531Y",0.018182723
"S261G,C286Y",0.018099338
"G60D,E464V",0.018023951
"G60D,F444S",0.017976603
"G111A,E330V",0.01787993
"Q152K,F201Y",0.017582268
"I6T,E451G",0.017349651
"S320F,V513A",0.017202912
"D12G,T431A",0.017196517
"S202T,L278F",0.017095717
"M317K,K425E",0.017026313
"I301T,A479G",0.017018871
"F109L,I166T",0.0167528
"F104L,N237D",0.016569182
"I113V,N406D",0.016449345
"T140A,C286Y",0.016431976
"M382V,S537P",0.016371422
"A77T,S531Y",0.016276129
"Q3R,E464V",0.016265247
"I270L,K287E",0.016226508
"N81Y,V460A",0.016128823
"Q15L,N18K",0.016089141
"Q13R,V368A",0.016033972
"T115S,T289S",0.01602422
"I113T,G265D",0.015866075
"Q10L,N237D",0.0156182945
"T2I,G411S",0.015574995
"L93P,M409L",0.015515856
"L280S,L553F",0.015289463
"N8S,F274I",0.015247308
"E330V,I523V",0.015109839
"F444S,P473L",0.014628595
"V5A,A494V",0.014526717
"F48I,I268T",0.014514789
"D424N,D487G",0.014424469
"D39G,K534R",0.014409067
"Q10L,F337L",0.014320707
"R263S,K484R",0.014235199
"N118D,S142P",0.013801462
"A66T,L417W",0.013716788
"I242A,G345S",0.013682717
"M382V,E464V",0.013612971
"V223E,F512S",0.013582199
"A112E,R404S",0.013547856
"A300V,S502C",0.013464594
"G345S,V513A",0.013171321
"I270L,S505T",0.013134908
"E464V,F512Y",0.012907165
"Y30H,Q225R",0.012871175
"I138T,R263G",0.012667976
"E125V,I268T",0.012610091
"T71I,K85E",0.012513494
"K484R,R548S",0.012476341
"S142P,F444S",0.012191363
"I6R,V197E",0.012183933
"P193S,F274I",0.012179527
"F109L,I301T",0.0120172575
"S24T,K515E",0.011960346
"S202T,K510M",0.011888252
"Q3R,S203Y",0.011862076
"P193S,F249L",0.011849244
"N18S,E180K",0.011831623
"A112P,D164G",0.011827336
"N56D,N503S",0.011822671
"V377M,S531A",0.011620083
"K85E,A479V",0.0114512425
"I45G,S142P",0.01137593
"V294E,L449S",0.011323279
"I187T,V493A",0.011208847
"V7D,A130S",0.011004651
"F42I,T431A",0.011003888
"D9N,P462R",0.0108609395
"S202T,E381V",0.010827965
"T2I,A550E",0.01082224
"L79P,M409L",0.010757886
"H430Q,N503K",0.010662019
"N414D,T529P",0.010582092
"Q129L,L280S",0.010551514
"V354M,L443P",0.010475524
"I113T,K363E",0.010448505
"N81Y,N551D",0.0104292035
"D164V,G538R",0.010185689
"I187T,V513A",0.010171846
"N8S,I45G",0.01016549
"T529P,I532M",0.010163434
"G345S,V460A",0.0100879995
"D240G,W428R",0.010044263
"T431A,V526M",0.009966291
"H430Q,F444S",0.009899633
"K309Q,R548S",0.009820597
"L468F,S537L",0.009488895
"T2I,A482T",0.009420145
"R25G,I540T",0.009379671
"D12G,V497E",0.009371568
"F519S,N524D",0.009263137
"N255S,S537L",0.0092300605
"Q15L,S142P",0.009058281
"L105P,L417W",0.008862902
"Y40N,V480A",0.008642899
"T431A,K539E",0.008564699
"L393S,P536L",0.008560216
"N44D,I113T",0.008547386
"Q3R,F22L",0.008421611
"F249Y,M409L",0.008364981
"L137P,I437V",0.008351552
"R25G,F109R",0.008299993
"V5A,L468F",0.008153298
"L137P,I301T",0.00814423
"K336E,D544G",0.008100832
"L35P,I301T",0.00809822
"A420V,G427C",0.008045364
"P200S,L443P",0.008001501
"Q10L,T140S",0.007991916
"T114P,K425E",0.007932987
"I113T,S116P",0.007906715
"E47K,L79P",0.007880968
"V159I,A494V",0.007877229
"S108T,E464V",0.0076394808
"P188T,M409L",0.007626237
"F42Y,Q511R",0.007625882
"F104L,K525E",0.0074310503
"P416T,S505T",0.007161457
"G60D,D477G",0.0070448294
"Q13R,K131E",0.0070365556
"G265D,A420V",0.007004801
"S133P,Q282L",0.007001565
"A482T,R546G",0.0069547566
"F22L,N33I",0.0068356693
"M317K,S537L",0.006834504
"E381V,L545I",0.0066513065
"F104L,M554T",0.006411109
"L468F,P473L",0.006409824
"V7D,D88N",0.0064011924
"G411S,P473L",0.006401155
"V5A,L393S",0.006161513
"E47K,I113T",0.0060857106
"V139I,P188T",0.0060456973
"Q141L,I532M",0.005579594
"K131E,C286Y",0.0055494676
"C402F,S499T",0.005502699
"Q152K,L278F",0.00547665
"E125K,L417W",0.0054696873
"K149E,S531A",0.005455834
"I268T,A372P",0.005413415
"D12G,M409L",0.0053594643
"I158L,K543S",0.0049678367
"I138T,P394L",0.0049235756
"P188T,T431A",0.0048959386
"V184G,D185V",0.0047117528
"Y455N,L468F",0.004571435
"D12G,N18S",0.0045680013
"S142P,E180K",0.0045055375
"F48L,G411S",0.004473114
"K85E,D487G",0.0042742533
"D9N,V20I",0.004233765
"I166T,I523V",0.004013039
"I453F,V480A",0.0040105702
"T114P,V377M",0.00398421
"L246S,I301T",0.0039537027
"D12G,S537L",0.0038083093
"F48S,E451G",0.0037782518
"V159I,P200S",0.003753685
"A66T,K525E",0.0037315222
"V245G,K363E",0.0035923403
"R404S,N555D",0.0035803355
"N118D,L137P",0.003519658
"D28E,K454R",0.003441885
"S202T,S370T",0.0032690074
"A356L,A420V",0.0031112637
"N18S,G360R",0.0030461308
"V139I,S537P",0.003021705
"Q15P,E180K",0.0030196495
"Q13R,I41F",0.0029279161
"N18K,S108T",0.0027338006
"L246S,K515E",0.0026985593
"I21T,K363R",0.002430737
"T140A,D164G",0.0024095334
"F274Y,M317K",0.0023645144
"R263G,N503K",0.002294614
"K131E,D164G",0.0022832658
"F109S,P473L",0.0021075346
"Q10L,P32L",0.0021030533
"S108P,V139I",0.0020770342
"F48Y,L417W",0.0020644572
"I138T,L246S",0.001983609
"V354M,M382V",0.0019070469
"L93P,D424N",0.0018756464
"I29V,V145A",0.001829912
"F22L,P536L",0.0016767085
"P123L,M554T",0.0013661981
"L79P,E381V",0.0011674352
"E180K,H430Q",0.0011635046
"Q141L,Q152K",0.0011270735
"N379I,V513A",0.0011246698
"P193S,F201Y",0.0010398868
"I276V,T422S",0.0010383409
"K85E,S202T",0.0009813842
"S370T,D438N",0.00094267726
"N18S,I532T",0.00071565993
"N153S,K425E",0.0007083751
"L35P,I138T",0.0005931873
"Q3R,S24T",0.00057880883
"E442K,P462R",0.0005518468
"F337L,P416T",0.00051939674
"I41F,L93P",0.0005179383
"F22L,T140S",0.0003155861
"G111A,T114P",0.00030403305
"I45S,E486G",0.00025335967
"A77T,S203Y",4.6259956e-05
"E451G,A482T",-0.00027995044
"P188T,D424G",-0.00036068447
"N18K,K525E",-0.0004826989
"Y235C,D440G",-0.0004868412
"M483I,D487G",-0.000499703
"L137P,P188T",-0.00053792447
"V497E,K539E",-0.0005886359
"S116Y,D477G",-0.0008392278
"I242A,N379I",-0.00095320866
"L54S,V100A",-0.0010536273
"Q152K,M409L",-0.0012668036
"S142P,G411S",-0.0013245009
"F109L,V354M",-0.0014198981
"V5A,E330V",-0.0014632009
"D39G,M271I",-0.0014861361
"I113T,Q225R",-0.0015106294
"L280S,V496G",-0.0015974399
"I113T,V264A",-0.0017868243
"A77T,L417W",-0.0018062666
"I45G,L137P",-0.0018140189
"T2I,F249Y",-0.0019238417
"V197E,D477G",-0.0021675183
"D12G,N33I",-0.0021903245
"P193S,P492S",-0.0021981597
"D185V,G538R",-0.0023640338
"P193S,F274Y",-0.002417704
"S222G,I453V",-0.0024624746
"T422S,I540T",-0.0025346354
"L79P,F337L",-0.002572529
"I166T,P536L",-0.0026675332
"L54S,K309Q",-0.0027631298
"F42Y,T529P",-0.002873527
"L35P,L443P",-0.0028951615
"E442K,V460A",-0.003220689
"N33I,G360R",-0.0032825638
"I6R,D424N",-0.0033968352
"N118D,R263G",-0.0034105452
"L79P,V264A",-0.003685154
"Q511R,I532T",-0.0038068353
"L105P,I138T",-0.0038666846
"N8S,F249L",-0.003876103
"T2I,K539E",-0.0040117856
"N33D,N414Y",-0.004161291
"F109S,T289S",-0.00421458
"T115S,M382V",-0.004313959
"T71I,V223E",-0.0044111693
"I408V,K484R",-0.0044436064
"M317K,T529P",-0.0044866493
"N118D,F274L",-0.004526656
"N406D,R548S",-0.004612437
"K363E,D441G",-0.0046236245
"T140S,I437V",-0.0046611726
"F22L,L105P",-0.004717607
"I270L,K425E",-0.0047493074
"F337L,V354M",-0.004828997
"N153S,T431A",-0.0048452076
"D9N,V100I",-0.004883354
"D438N,K543M",-0.0049677836
"M409L,A482T",-0.004986353
"T114P,M409L",-0.0050490275
"L246S,T289S",-0.005093865
"E189G,D426G",-0.0051046805
"D12G,S499T",-0.005307615
"F274I,V526M",-0.0053802943
"L137P,K525E",-0.005574397
"F48Y,E464V",-0.0057197073
"N414D,P492S",-0.0058007655
"Q15L,P123L",-0.005817187
"P123L,K525E",-0.005853804
"N237D,P394L",-0.0060082674
"Q141L,C286Y",-0.0060853637
"Q141L,A420V",-0.0062422794
"R263S,N406D",-0.006243377
"V7D,D154E",-0.006311654
"Q15L,G60D",-0.0064516403
"I29V,V446A",-0.0064967526
"K336R,I453V",-0.006497899
"S261G,L393S",-0.006754072
"N18K,K515E",-0.006793769
"I187T,N406D",-0.006818233
"E442K,V493A",-0.007141655
"P123L,F337L",-0.0072459057
"L35P,F109S",-0.0073398016
"I41T,S133P",-0.0073866257
"D424N,A479V",-0.007439214
"G265D,C402F",-0.007441195
"G60D,S108P",-0.007479307
"T289S,A550E",-0.007577785
"D487G,K543M",-0.0077232006
"V223E,D438N",-0.0077543734
"T114P,Q511R",-0.007796563
"E400G,S531Y",-0.0078026336
"L93I,V264A",-0.008046892
"M483R,R542M",-0.008123785
"I445V,N524D",-0.008156382
"R25G,S133P",-0.008228555
"K85E,Q511E",-0.008340665
"Q3R,P416T",-0.00839233
"P188T,S537L",-0.008440154
"D88N,E275D",-0.008497659
"E47K,C402F",-0.008528107
"W428R,I504L",-0.008662332
"I45G,G411S",-0.0087772645
"N96S,K397N",-0.008804504
"N153S,S537L",-0.008811461
"D441N,I445F",-0.008969251
"D12G,A372P",-0.009023002
"K287E,E464V",-0.009058275
"D39G,K397N",-0.009179739
"I437V,R546G",-0.009185957
"D9N,M483R",-0.009263605
"T529P,K539E",-0.009442847
"V100I,G345S",-0.009611003
"Y40N,R143C",-0.009767499
"Q15L,T140S",-0.009816778
"L105P,K525E",-0.009861122
"L79P,K85E",-0.009877439
"K309Q,L413H",-0.009982258
"Q10L,V377M",-0.010113619
"C286Y,K510M",-0.010129465
"L443P,A550E",-0.010152992
"E330V,K510M",-0.010453932
"L105P,S203Y",-0.010454884
"N118D,P536L",-0.010510536
"V100I,D164N",-0.010561755
"S142P,E464V",-0.010580162
"L75P,F104L",-0.01061447
"Q10L,P473L",-0.010714746
"F48S,R546G",-0.010715288
"N56D,F528S",-0.010872733
"G111A,M317K",-0.010892295
"V20I,E442K",-0.0109405
"P416T,R546G",-0.011157483
"H87R,N96S",-0.011281231
"D440G,V493A",-0.011293283
"Q141L,C402F",-0.01130182
"P193L,I532T",-0.011339101
"M317K,V377M",-0.011391861
"L199P,V497E",-0.011447262
"E125K,E400G",-0.011584318
"S142P,F528L",-0.011694243
"A77T,K525E",-0.011786427
"I138T,R546G",-0.011995543
"V223E,D487G",-0.012001172
"L54S,S502C",-0.012036916
"E43D,N118S",-0.012075426
"I41F,C286Y",-0.012104355
"F48I,L468F",-0.012215946
"S24T,L137P",-0.012338941
"N18K,L35P",-0.012444226
"F48S,A372P",-0.012469839
"A420V,K510E",-0.012495966
"G360R,A372P",-0.0125612905
"P394L,K525E",-0.01263543
"I301T,V377M",-0.012676347
"L75P,D424G",-0.012736667
"N255S,P492S",-0.012739482
"T140S,I166T",-0.012766026
"A482T,S537L",-0.012846081
"S222G,N414K",-0.012911203
"I29V,K336E",-0.012922688
"Q3R,M554T",-0.013000158
"Y30H,K363E",-0.013059574
"N33D,F519S",-0.013063187
"V7D,N414S",-0.013336443
"T114P,K149E",-0.0137988385
"A66T,A479G",-0.01386263
"D39G,E364G",-0.013957759
"R143C,L280S",-0.014241871
"I6R,G427C",-0.014333249
"S202T,M483I",-0.014358015
"N237D,I301V",-0.014366774
"N153S,P492S",-0.0144539755
"H430Q,A550E",-0.014571372
"N56D,T71I",-0.01460937
"I453V,G538R",-0.01468737
"N8S,P193L",-0.014707252
"N33D,R542M",-0.014714986
"I45G,F104L",-0.014793331
"Q15P,S24T",-0.014873774
"W428R,I540T",-0.015038516
"N33I,K539E",-0.015050816
"I437V,I523V",-0.015099771
"A112P,G360R",-0.0154498555
"P123L,L417W",-0.015596129
"F42I,F274Y",-0.015716009
"I445V,N551D",-0.015813934
"E189G,D240G",-0.015825279
"E47K,E330V",-0.01588434
"D477G,P492S",-0.015918696
"F48I,S531A",-0.015998907
"L35P,A66T",-0.016054623
"V159I,I166V",-0.016102519
"F109R,S514T",-0.016145157
"I138T,V377M",-0.016351566
"E47K,L393S",-0.016521862
"F249L,D477G",-0.0165335
"L93P,V264A",-0.016742442
"N379I,V493A",-0.016901083
"V377M,F444S",-0.016994279
"V526M,T529P",-0.01703146
"N237D,I437V",-0.017047359
"V264A,Q511E",-0.017116705
"T114P,R546G",-0.017145187
"Q15L,V139I",-0.01716486
"E180K,R263G",-0.017183095
"P32L,S531Y",-0.017263794
"F48L,P394L",-0.01752666
"A66T,F337L",-0.01784708
"K149E,N153S",-0.017904075
"N8S,K425E",-0.017909238
"C286Y,K510E",-0.01799463
"D12G,A112P",-0.018179508
"N8S,G111A",-0.01819721
"T267S,F444S",-0.018238936
"V197E,M317K",-0.018335115
"E47K,A494V",-0.018354522
"I21T,H216L",-0.01863898
"F249Y,I523V",-0.018658474
"R143C,I158L",-0.018665146
"P188T,F201Y",-0.018762026
"L393S,M409L",-0.018965833
"L199P,T289S",-0.018978579
"S108P,P123L",-0.019025605
"E189G,S320F",-0.019126456
"T2I,I113T",-0.019209012
"P123L,P473L",-0.019354425
"N44D,P193S",-0.019426303
"L75P,R546G",-0.01945993
"G345S,N551D",-0.019492777
"E43D,N396K",-0.019750573
"E180K,L443P",-0.01979852
"P123L,N237D",-0.019832322
"P32L,T115S",-0.019901572
"F249L,V526M",-0.019965779
"Q10L,H430Q",-0.019979153
"L278F,C286Y",-0.020025954
"N18I,Q511E",-0.020064935
"I45S,K383R",-0.02008513
"V245G,V496A",-0.020094868
"E125K,M554T",-0.020097269
"S116Y,N379D",-0.02013954
"A356L,A494V",-0.020147912
"K287E,K525E",-0.02019515
"Q129L,C286Y",-0.020238964
"L443P,F444S",-0.020253163
"A66T,L137P",-0.020283135
"Y40N,N56D",-0.020337282
"M317K,Y455N",-0.020470787
"S24T,S505T",-0.020549502
"T140S,L417W",-0.02065058
"L413H,V446A",-0.020675393
"Q15L,T289S",-0.020893151
"I138T,M382V",-0.020902164
"E125V,A482T",-0.02116431
"L278F,F458S",-0.021372683
"K543S,L545I",-0.021422142
"L35P,S142P",-0.021437198
"T431A,S537P",-0.021509476
"N33D,N81Y",-0.021692095
"T115S,K287E",-0.02170066
"Q3R,S142P",-0.0217068
"K149E,L468F",-0.021769019
"G111A,G360R",-0.022065587
"G218V,K383R",-0.02211364
"L137P,F512Y",-0.022163386
"S116P,L468F",-0.022175387
"Q13R,V184E",-0.022184126
"S24T,K287E",-0.022282306
"K287E,F528L",-0.022352353
"T2I,F22L",-0.022418683
"R25G,I453F",-0.022567403
"I445F,S502C",-0.022594776
"G60D,I437V",-0.02278067
"S116P,D164G",-0.022838812
"E464V,P536L",-0.022890536
"T529P,A550E",-0.022950426
"V100A,A300V",-0.022991695
"Y40N,K484R",-0.023024946
"V159I,A482T",-0.023073448
"V159I,K539E",-0.023139939
"D9N,N555D",-0.023168378
"I445F,V496G",-0.023288455
"F22L,L199P",-0.023336917
"F274I,E275K",-0.023359517
"T267S,E464V",-0.023521975
"I523V,V526M",-0.023523921
"K131E,E330V",-0.023821808
"N81D,D240G",-0.023834895
"Q10L,L443P",-0.023912948
"F444S,R546G",-0.023931574
"I113T,R143C",-0.024158198
"C286Y,A356L",-0.024204701
"F109K,R143C",-0.02438075
"L75P,K425E",-0.024582569
"N153S,S505T",-0.024653424
"L75P,V197E",-0.024715792
"V197E,I532T",-0.024793617
"L246S,V377M",-0.024826836
"D12G,S116Y",-0.024857838
"P32L,P394L",-0.024898788
"S261G,V526M",-0.024962535
"V20I,I445V",-0.02510431
"V159I,E180K",-0.025220305
"V264A,F458S",-0.025234235
"I270L,S537L",-0.02524529
"K131E,Q152K",-0.02536409
"F48L,S531Y",-0.02537912
"S133P,K309Q",-0.025403382
"F274Y,N503K",-0.025460035
"Q282L,I445F",-0.025642984
"N18I,E464V",-0.025776342
"E125K,L137P",-0.025839247
"V354M,Q511R",-0.025870625
"P32L,P123L",-0.025948962
"Q13R,E381V",-0.025985043
"T431A,F444S",-0.025995348
"T114P,P536L",-0.025996918
"G360R,S505T",-0.026243968
"Q10L,S505T",-0.026260175
"N153S,I523V",-0.026298746
"I138T,H430Q",-0.026301358
"D39G,G435R",-0.02639143
"A372P,A550E",-0.026419956
"R143C,V245G",-0.026435534
"V377M,S537P",-0.026480604
"T71I,K484R",-0.026512392
"Y235C,A300V",-0.02665464
"C402F,K543M",-0.02667487
"A356L,D438N",-0.02692757
"T431A,A482T",-0.027019668
"E47K,I268T",-0.027073732
"A77T,F512Y",-0.027079906
"A300V,K336E",-0.027121875
"S133P,N406D",-0.027174076
"S108P,A372P",-0.027309872
"S370T,N503S",-0.0273192
"T2I,N18I",-0.027472645
"N118D,F274I",-0.027855672
"Q10L,K425E",-0.027960282
"F48Y,F337L",-0.028173503
"G360R,R546G",-0.028232643
"I138T,N237D",-0.028266659
"F201Y,I301V",-0.028289918
"L79P,R143C",-0.028341059
"E47K,N255S",-0.028447349
"F48I,S537P",-0.028494513
"M483I,Q511E",-0.028605169
"E330V,A356L",-0.028609421
"K397N,R542M",-0.028636476
"I166V,S370T",-0.02867246
"V5A,P416T",-0.0287329
"S108P,R263G",-0.028824516
"V446A,I540T",-0.028898349
"F104L,E400G",-0.028945316
"L54S,Y235C",-0.029011827
"T114P,F201Y",-0.02921314
"T2I,I268T",-0.02922146
"M409L,G411S",-0.029247165
"G60D,I138T",-0.02926211
"Q10L,V497E",-0.029422022
"F201Y,N503K",-0.029496824
"Q15P,K525E",-0.029565765
"A494V,K510E",-0.029742803
"K425E,A550E",-0.029745184
"I6R,G265D",-0.02986405
"L75P,T267S",-0.029929884
"A66T,F109L",-0.029985096
"D441N,L545I",-0.030206919
"F42I,P492S",-0.030225534
"L417W,S505T",-0.030309234
"S24T,M382V",-0.030485148
"I158L,K309Q",-0.030500667
"G360R,T422M",-0.030527785
"P193L,I270L",-0.030890428
"N118D,T431A",-0.030905366
"V184E,D487G",-0.030950923
"L417W,L443P",-0.030973898
"P462R,D544G",-0.031026926
"S133P,S514T",-0.031143842
"G345S,M483R",-0.031195307
"G218V,K336R",-0.03119591
"F337L,K525E",-0.031293005
"I6T,Q141L",-0.031540215
"V100I,R404S",-0.031569596
"I437V,P536L",-0.031718735
"Y455N,A482T",-0.03173528
"T71I,V496G",-0.031748805
"F104L,R263G",-0.031786006
"L393S,S499T",-0.03186512
"D12G,P193L",-0.032079235
"Q13R,K85E",-0.03209205
"F249L,G360R",-0.03210418
"R143C,D441G",-0.03213509
"L82H,V100I",-0.032191977
"S203Y,H430Q",-0.03228032
"I113V,K363R",-0.032426696
"R263G,F512Y",-0.032466874
"P188T,F249L",-0.032610703
"V7D,I251K",-0.032626987
"K149E,I166T",-0.032645434
"V354M,K425E",-0.032706376
"F22L,S537L",-0.032710157
"F104L,H430Q",-0.032815833
"S202T,V496G",-0.033407237
"S108P,K425E",-0.03341348
"V100I,S320F",-0.0334223
"P123L,L246S",-0.0335773
"T267S,I532T",-0.033626683
"L75P,N237D",-0.033725724
"F22L,E451G",-0.033929236
"A66T,T140S",-0.03396213
"A372P,G411S",-0.033963542
"D39G,A488T",-0.03410749
"G60D,F337L",-0.03421573
"A66T,V139I",-0.03435276
"S261G,M317K",-0.03441065
"R404S,P462R",-0.03452257
"L246S,T529P",-0.03453084
"S370T,I532T",-0.0345949
"V354M,A372P",-0.034890916
"S133P,V145A",-0.034947082
"S116P,A494V",-0.03498274
"K484R,I540T",-0.03513281
"A372P,F444S",-0.035214834
"I301V,V497E",-0.035231832
"T114P,G427C",-0.035397157
"N8S,K149E",-0.03540347
"L105P,T140S",-0.035482988
"D39G,K147I",-0.03565058
"E180K,F274I",-0.035688765
"F104L,S142P",-0.035789266
"S24T,G60D",-0.03583666
"I113V,W428R",-0.035936244
"K149E,A482T",-0.03595737
"N8S,S505T",-0.035959892
"F337L,M409L",-0.0364149
"I301T,V497E",-0.03650123
"V139I,I270L",-0.036502477
"E442K,M483R",-0.036525115
"T422M,A482T",-0.036563728
"Q10L,T529P",-0.036641337
"K131E,L393S",-0.03664666
"I158L,S502C",-0.03667469
"N44D,L545I",-0.03672196
"D438N,V496G",-0.036761392
"V159I,S531A",-0.036812328
"I6T,Q129L",-0.036847882
"I166T,F201Y",-0.03697613
"I138T,I523V",-0.03698343
"L246S,H430Q",-0.03716772
"L199P,M382V",-0.037174407
"A112P,G411S",-0.03721626
"L75P,P394L",-0.037221823
"I251T,K383N",-0.03722427
"Q3R,E400G",-0.037392553
"A66T,P473L",-0.037601367
"R25G,L280S",-0.037646063
"K85E,C402F",-0.03774557
"H430Q,K525E",-0.03790366
"Q3R,R263G",-0.037942313
"Q15P,F109S",-0.038221665
"F104L,L246S",-0.038270153
"Y30H,Q282L",-0.03829129
"L199P,M554T",-0.038302157
"F104L,T289S",-0.038324565
"F48L,F512Y",-0.038429745
"N255S,S499T",-0.03844767
"I29V,N81D",-0.038454246
"N255S,S261G",-0.038462654
"V497E,N503K",-0.038462937
"I41T,I532T",-0.038550675
"N406D,N503S",-0.038659394
"D440G,P462R",-0.038729355
"A300V,W428R",-0.038925387
"C286Y,K363E",-0.03895565
"G111A,N503K",-0.039040297
"R25G,Y40N",-0.039142873
"G60D,L199P",-0.039204396
"Q15L,L443P",-0.03925518
"P394L,H430Q",-0.0395241
"L199P,R263G",-0.03966984
"G345S,K410R",-0.0397125
"G111A,F444S",-0.03986244
"E400G,M554T",-0.039877158
"L35P,T140S",-0.03988201
"P32L,N237D",-0.039918862
"P32L,L246S",-0.03997818
"A112P,F444S",-0.040028386
"S202T,T422S",-0.040184397
"Y30H,V496G",-0.040208295
"G411S,K425E",-0.04028281
"I6R,Q225R",-0.04035218
"S320F,M483R",-0.04046698
"F22L,N44D",-0.040480923
"N44D,P200S",-0.040575027
"L93I,V480A",-0.040742576
"A112E,I408V",-0.040780395
"K425E,E464V",-0.040798653
"I6T,K85E",-0.040816247
"L79P,Q129L",-0.04094032
"F48L,K525E",-0.041131
"F104L,L105P",-0.041146144
"R143C,Q511E",-0.041263796
"G60D,S203Y",-0.041306257
"L79P,V480A",-0.04136049
"P473L,A550E",-0.04190461
"Q10L,T267S",-0.04209313
"D544G,N555D",-0.042098816
"R25G,F109K",-0.042147357
"I437V,E451G",-0.04218691
"A112E,L413H",-0.0422669
"I113T,L553F",-0.042282563
"A494V,K543S",-0.0423258
"S116P,I166V",-0.042394783
"I29V,W428R",-0.042494487
"T2I,I532T",-0.04255902
"N153S,V497E",-0.04259829
"F444S,S505T",-0.042623375
"N406D,I540T",-0.04275299
"L417W,R546G",-0.04289489
"I45G,H430Q",-0.042923782
"Q3R,P123L",-0.04300388
"T431A,E464V",-0.04304754
"F22L,I523V",-0.04304957
"I166N,A494V",-0.043125547
"S108P,P473L",-0.043126345
"L545I,L553F",-0.043153856
"Q10L,P536L",-0.043527246
"A112P,S537P",-0.043724425
"Q225R,I268T",-0.04373425
"D240G,K543E",-0.043766253
"L246S,M554T",-0.043777365
"E47K,L468F",-0.043835733
"E180K,A372P",-0.043853626
"Q141L,V526M",-0.04388379
"T289S,P416T",-0.043978043
"N44D,Q152K",-0.043998796
"D441G,S502C",-0.044006735
"D438N,V480A",-0.044172704
"G265D,I532T",-0.04422297
"V139I,S531Y",-0.044230826
"D9N,N524D",-0.04426438
"F22L,K149E",-0.044353046
"I41T,S202T",-0.044399284
"L199P,Q511R",-0.044433646
"E180K,S537L",-0.044596348
"T114P,K131E",-0.044688575
"A77T,S142P",-0.044698305
"L417W,K425E",-0.04478537
"I41F,L393S",-0.0447921
"N56D,V245G",-0.044850197
"D438N,S502C",-0.044875912
"L54S,H216R",-0.044932593
"V245G,S502C",-0.0450506
"S133P,W428R",-0.045073487
"S505T,K525E",-0.045092955
"S108T,F337L",-0.04517126
"Y30H,R143C",-0.045171276
"N8S,K543S",-0.045418248
"I6R,E47K",-0.045492038
"V100A,I158L",-0.045591045
"I301V,V377M",-0.04567452
"I6R,N33I",-0.04568345
"F274L,I301T",-0.045712665
"S203Y,I523V",-0.045760702
"F109R,V513A",-0.04580809
"S537L,A550E",-0.045826558
"L54S,V493A",-0.045854714
"P193L,E275K",-0.046024054
"G111A,I301T",-0.046047766
"D426G,M483R",-0.04609989
"D164N,K534R",-0.046104144
"T431A,A550E",-0.046148423
"E43D,D67E",-0.04615721
"A112P,E180K",-0.04624449
"S202T,D441N",-0.0463935
"I276V,V480A",-0.046397462
"T71I,D441N",-0.046424396
"D9N,H216L",-0.04644533
"F444S,V497E",-0.04645259
"Q3R,M382V",-0.046521235
"A112P,V354M",-0.046557255
"G345S,V368E",-0.046685606
"S133P,I242A",-0.04671808
"F274I,G411S",-0.04675633
"V159I,L199P",-0.04692311
"G218V,H472R",-0.046963163
"F201Y,F444S",-0.04702353
"Q15L,S505T",-0.047036268
"L105P,T289S",-0.047041822
"T422M,F444S",-0.047059745
"L75P,K149E",-0.047092117
"S202T,S502C",-0.047268078
"R25G,I445F",-0.04729294
"L93I,S370T",-0.04731966
"L393S,T422S",-0.04747553
"P188T,S370T",-0.047510974
"Q511R,S537P",-0.047761943
"G411S,V526A",-0.047940932
"K363E,C402F",-0.048045922
"I437V,S499T",-0.048080824
"S133P,K336E",-0.04809033
"T71I,S370T",-0.04813844
"P416T,E451G",-0.04817719
"Q13R,K543M",-0.04832437
"D487G,L553F",-0.04841068
"F274Y,V354M",-0.048489787
"R25G,I276V",-0.048571028
"F274Y,F444S",-0.048671883
"V223E,D477G",-0.048860744
"F22L,L137P",-0.04888712
"L75P,F109L",-0.048934486
"N406D,F528S",-0.04900171
"T267S,A550E",-0.04900383
"L35P,F48Y",-0.04913225
"T2I,L105P",-0.049175035
"K149E,F444S",-0.049298454
"K131E,F249Y",-0.049326807
"Q15L,K425E",-0.04934136
"T114P,P492S",-0.049381696
"S531Y,P536L",-0.049460847
"N8S,V497E",-0.049621165
"P193L,N503K",-0.049660757
"S505T,K515E",-0.049716637
"E180K,K425E",-0.049730223
"D424N,I532T",-0.04973863
"V139I,P416T",-0.049836807
"L278F,K539E",-0.049855366
"E442K,N524D",-0.049931906
"T115A,G345S",-0.049974505
"N153S,T422S",-0.050054602
"P394L,M409L",-0.050156914
"N18I,M317K",-0.05016698
"L79P,K543S",-0.05038199
"L54S,W428R",-0.05039601
"V139I,K525E",-0.050464045
"D164G,K543M",-0.050469194
"F201Y,L468F",-0.050497957
"P193S,L278F",-0.050534267
"D12G,G427C",-0.05053737
"D12G,L278F",-0.05053903
"S108T,F109L",-0.05063601
"I41T,Q511E",-0.05068184
"K149E,N503K",-0.05076571
"L413H,V460A",-0.050907888
"V197E,S537P",-0.051004164
"Q225R,V526M",-0.051010914
"V159I,I532T",-0.05102047
"I113V,E189G",-0.051022686
"D9N,K410R",-0.051070873
"A356L,L545I",-0.05114818
"F104L,P536L",-0.051240098
"K147I,N414Y",-0.051318556
"V493A,I540T",-0.05139321
"F42I,K543M",-0.051410116
"L54S,V460A",-0.051438004
"N379I,K410R",-0.051451255
"R404S,N551D",-0.051482826
"L246S,T267S",-0.051516443
"V354M,I523V",-0.05151858
"N153S,M483I",-0.051584147
"S116P,S531A",-0.051787876
"V139I,P394L",-0.051907923
"L393S,K510E",-0.052072182
"L75P,P473L",-0.052103087
"P193L,F528L",-0.052130517
"D164N,K397N",-0.052153923
"V5A,L417W",-0.05222556
"H216R,A300V",-0.05229789
"F22L,T431A",-0.052458093
"P32L,L199P",-0.052511115
"V145A,A300V",-0.05265128
"V513A,I540T",-0.052678514
"V5A,S203Y",-0.0527
"L246S,L278F",-0.052774213
"Q152K,M483I",-0.052794054
"V159I,L246S",-0.052902546
"F42Y,V223E",-0.0529586
"S202T,L553F",-0.053155806
"G427C,I532T",-0.05342125
"V159I,P188T",-0.053498957
"V480A,I532M",-0.05352477
"E381V,F528I",-0.05356262
"T71I,V184E",-0.053597663
"S133P,V513A",-0.05361264
"V197E,F249Y",-0.053784598
"L105P,M554T",-0.05382908
"Q10L,F201Y",-0.053833626
"A77T,K287E",-0.05409096
"A77T,P473L",-0.0540967
"Q225R,E330V",-0.05413739
"G218V,V290G",-0.05420751
"I187T,W428R",-0.05426992
"S24T,K425E",-0.054270703
"E464V,S537L",-0.054381035
"P200S,K543M",-0.054443914
"K85E,E330V",-0.05448508
"A77T,T289S",-0.054605477
"Y40N,Y235C",-0.054665253
"I166N,N379D",-0.054684773
"E189G,R548S",-0.054695904
"Q15P,T140S",-0.05471052
"R263G,K287E",-0.054717045
"S499T,N503K",-0.05492928
"N237D,E400G",-0.055014633
"F42I,K131E",-0.055021353
"H87R,R542M",-0.05506122
"F104L,F249L",-0.05520181
"P123L,T289S",-0.055210058
"F48L,L75P",-0.05555433
"H430Q,A479G",-0.05563413
"P123L,M409L",-0.05564167
"E180K,T529P",-0.055667136
"P32L,S108T",-0.05572873
"K131E,N153S",-0.05576179
"V197E,E330V",-0.055939592
"R548S,N555D",-0.056097426
"Q282L,D487G",-0.056328237
"S108P,Y455N",-0.05634213
"V139I,I437V",-0.05642396
"I301T,L443P",-0.056617707
"P32L,G60D",-0.05664503
"Q10L,F274L",-0.056742124
"H216R,I540T",-0.056794304
"Q10L,F249L",-0.05698774
"M409L,V526M",-0.057341464
"G411S,S505T",-0.05735977
"V368A,A494V",-0.05739386
"I6R,E381V",-0.057396498
"E275K,P492S",-0.0574499
"F42Y,Q225R",-0.057535797
"L75P,I523V",-0.05760653
"N33I,S108P",-0.05762505
"D164N,N524D",-0.057683446
"K287E,P394L",-0.057684377
"V460A,I540T",-0.057778634
"T115A,D240G",-0.05784998
"V354M,S499T",-0.057905123
"G411S,Q511R",-0.0579958
"D12G,E47K",-0.058010213
"Y40N,V145A",-0.05813165
"Q3R,L443P",-0.05820196
"Q141L,M317K",-0.058210656
"G60D,P473L",-0.05839462
"V264A,L393S",-0.058536794
"I138T,T289S",-0.058599964
"N414Y,A488T",-0.058632694
"S116P,E330V",-0.05873263
"N237D,T289S",-0.05876536
"I21T,Y455H",-0.058812812
"P462R,I504L",-0.058831353
"F109S,V526A",-0.05906406
"K85E,Q152K",-0.059200976
"I166N,V354M",-0.059233062
"I437V,V526A",-0.059252687
"D426G,K534R",-0.059411988
"Q129L,P200S",-0.05941759
"A77T,H430Q",-0.059442993
"T114P,E381V",-0.05949513
"Q10L,K149E",-0.059582066
"Q15P,F48Y",-0.059601888
"A112E,I540T",-0.05961442
"D12G,Q141L",-0.059649613
"M483R,I504T",-0.05981013
"S142P,P394L",-0.059891284
"L137P,T431A",-0.060186148
"S116Y,P188T",-0.060301423
"R25G,D487G",-0.060322933
"T114P,Q141L",-0.060431123
"R263G,S505T",-0.060452104
"L35P,M554T",-0.060647458
"K131E,I301V",-0.06078456
"Q3R,V526A",-0.060786303
"T2I,E125K",-0.06081191
"F444S,I523V",-0.060886193
"G60D,S108T",-0.061158046
"F249L,L468F",-0.061214402
"F22L,V526A",-0.061300553
"I408V,V460A",-0.061304398
"D12G,E381V",-0.06137551
"I45G,S261G",-0.06139995
"I138T,F201Y",-0.061648935
"V20I,D440G",-0.06180826
"S108P,S116P",-0.06191213
"P200S,M483I",-0.062022164
"K410R,E442K",-0.062037177
"K128N,F519S",-0.06206709
"V139I,A479G",-0.062145423
"V223E,C402F",-0.06216631
"Q3R,G60D",-0.062236693
"F109S,F201Y",-0.06230469
"L137P,M382V",-0.062330917
"S202T,Q282L",-0.062354438
"L54S,P462R",-0.06241923
"R404S,K410R",-0.06253243
"L280S,Q282L",-0.062638804
"K85E,N255S",-0.062708795
"V223E,L393S",-0.063164085
"F42I,I523V",-0.06317267
"N56D,S202T",-0.063256145
"F48I,I166T",-0.06344032
"Q13R,V496A",-0.06346871
"I138T,L443P",-0.06348963
"G111A,I138T",-0.06360294
"T431A,K525E",-0.06364847
"A479V,K484R",-0.06374789
"P188T,A372P",-0.06375843
"E400G,P473L",-0.06385776
"V264A,C286Y",-0.063929595
"V377M,A550E",-0.06393024
"F274L,I437V",-0.06395067
"S24T,I523V",-0.064025626
"R263S,V460A",-0.06405433
"F22L,V497E",-0.06407506
"S261G,E275K",-0.064081736
"E330V,K363E",-0.064282544
"N33I,F337L",-0.064300984
"E451G,S531Y",-0.06436311
"E189G,R263S",-0.06436477
"V5A,E464V",-0.064408734
"E180K,P193L",-0.06441064
"F109S,V159I",-0.06441641
"L246S,F528L",-0.0646009
"Q13R,V480A",-0.06470679
"G360R,G427C",-0.064797
"N406D,F458S",-0.0649122
"I45G,T431A",-0.06494538
"M382V,H430Q",-0.06497854
"S203Y,D424G",-0.065016165
"S142P,R263G",-0.06506747
"P492S,I532T",-0.06521964
"G265D,G360R",-0.065220706
"T431A,K515E",-0.06528288
"V354M,V368A",-0.06541158
"I270L,D424G",-0.065599516
"P123L,L199P",-0.06567004
"Q129L,L393S",-0.065711565
"K149E,E464V",-0.06574284
"L199P,S505T",-0.06581532
"I158L,N406D",-0.065823354
"R404S,M483R",-0.065995485
"A112P,L199P",-0.0660381
"S133P,V460A",-0.06623475
"P193L,L468F",-0.06623788
"R263G,A479G",-0.06625561
"E400G,E451G",-0.06631279
"N44D,M317K",-0.06657887
"K287E,E400G",-0.06658647
"E47K,V354M",-0.06671989
"I166N,M554T",-0.06672373
"N153S,S261G",-0.06676604
"D12G,K85E",-0.06677842
"N237D,F274L",-0.0667983
"F42I,G427C",-0.06679881
"I251T,E486G",-0.06689061
"S320F,T529A",-0.06692331
"N44D,P188T",-0.06698817
"K85E,L393S",-0.06708876
"M409L,L417W",-0.06709318
"Q141L,K539E",-0.06712061
"P193S,K363E",-0.06714642
"G360R,E381V",-0.06717117
"F444S,P492S",-0.06730774
"I29V,E189G",-0.06735248
"S142P,F337L",-0.06735551
"Q15L,M409L",-0.06739959
"M382V,P473L",-0.06747267
"F22L,S499T",-0.067532696
"F104L,F274Y",-0.06761233
"I29V,V368E",-0.06794606
"V139I,I301V",-0.06803772
"S24T,S499T",-0.068042055
"N56D,D487G",-0.068120226
"N44D,G360R",-0.06813949
"S320F,K410R",-0.06814877
"L137P,R263G",-0.06815438
"L246S,R546G",-0.068228334
"I29V,P462R",-0.06831541
"L199P,E451G",-0.06838494
"G265D,S531A",-0.068406686
"G111A,L417W",-0.06848594
"N153S,K510E",-0.0685675
"F274Y,P416T",-0.06884428
"Q10L,T140A",-0.06898945
"I21T,K510R",-0.06905924
"I453F,V513A",-0.0691616
"S142P,H430Q",-0.06922161
"T140A,I301V",-0.06935289
"Q152K,K363E",-0.06939463
"I41F,I301V",-0.06940818
"A479V,S502C",-0.06942814
"T289S,M554T",-0.06949742
"Q15P,P416T",-0.06956008
"E464V,T529P",-0.069561265
"I270L,Y455N",-0.06962873
"R25G,Y30H",-0.06968285
"T140S,H430Q",-0.06981291
"T140S,S142P",-0.06992775
"V197E,A550E",-0.069996975
"N118D,G265D",-0.07018311
"D12G,S370T",-0.070263594
"S24T,P536L",-0.07028221
"S261G,I270L",-0.070377395
"T267S,F528L",-0.07041754
"I166V,A356L",-0.0704632
"Q3R,S505T",-0.070473865
"V197E,E275K",-0.07050225
"P123L,R546G",-0.07052982
"L35P,F528L",-0.07053295
"F201Y,S203Y",-0.070725635
"L280S,N406D",-0.07079787
"Q141L,P188T",-0.0708568
"S24T,D424G",-0.07095891
"P536L,A550E",-0.071133
"F201Y,L417W",-0.07119535
"P200S,Q225R",-0.07122686
"I138T,M409L",-0.07126082
"D12G,Q225R",-0.071267076
"K515E,P536L",-0.07128166
"F337L,H430Q",-0.07132874
"L246S,T422M",-0.07140143
"P32L,V139I",-0.07141724
"F109S,K149E",-0.07154396
"V139I,V159I",-0.071545094
"S108P,I523V",-0.07156416
"N153S,S499T",-0.07165921
"S108P,P536L",-0.07168314
"A300V,V513A",-0.072103456
"I453F,V493A",-0.07228775
"L93I,K484R",-0.07232162
"E275K,K510M",-0.072446875
"V264A,S531A",-0.07246964
"F109S,D424G",-0.07256148
"M317K,S370T",-0.07273239
"F249L,I301T",-0.072860345
"G411S,D424G",-0.07286162
"Q10L,Q141L",-0.07286686
"F104L,F274I",-0.07289407
"F109K,V145A",-0.072936416
"Q511R,A550E",-0.07326011
"T2I,S531Y",-0.07326597
"I45G,F201Y",-0.07340478
"A356L,V526M",-0.07356795
"S24T,L443P",-0.07374305
"E47K,K539E",-0.073775664
"N8S,S261G",-0.07387383
"L199P,P394L",-0.07403228
"K309Q,N379D",-0.07408716
"G60D,H430Q",-0.07412639
"I21T,N255D",-0.074182704
"V7D,G218V",-0.07418991
"L413H,P462R",-0.074406184
"F48L,E400G",-0.07447063
"K85E,P200S",-0.07454998
"S203Y,M409L",-0.07457331
"G265D,F528I",-0.074737445
"T115S,K149E",-0.07477006
"N8S,Q129L",-0.07488588
"L393S,L553F",-0.075046524
"F22L,K131E",-0.07508787
"Q15P,V139I",-0.07510517
"I113T,K515R",-0.07511681
"V20I,A300V",-0.07516541
"V223E,I532T",-0.07530632
"T2I,F104L",-0.075501345
"S24T,G111A",-0.07551099
"D9N,H87R",-0.07560871
"G360R,K510M",-0.07561844
"L137P,L278F",-0.07571033
"P188T,V197E",-0.075921625
"N81Y,Y455H",-0.07603587
"I158L,V446A",-0.07615503
"V497E,K525E",-0.07624914
"T2I,A77T",-0.076292105
"A77T,R546G",-0.0763475
"Q152K,V496G",-0.07656341
"N118D,D424G",-0.07658829
"V446A,F512S",-0.07667868
"D441N,F528S",-0.07671139
"N44D,G411S",-0.07677817
"E47K,F444S",-0.07684528
"V368E,I408V",-0.076849155
"Q129L,M317K",-0.07696466
"L75P,Q225R",-0.077176735
"F274I,A550E",-0.07719815
"V5A,F528L",-0.07721431
"R143C,I166V",-0.07724374
"S116P,G360R",-0.07726015
"P123L,K425E",-0.07738249
"V184E,M317K",-0.07739672
"N44D,D477G",-0.077441245
"K149E,L417W",-0.07744474
"F109S,Q511R",-0.07744967
"F104L,L137P",-0.07757455
"N118D,A356L",-0.07759646
"S116Y,L199P",-0.07762326
"P188T,G265D",-0.07763065
"I166V,D441N",-0.07764604
"A356L,A482T",-0.07765596
"S203Y,S261G",-0.07769728
"G265D,I270L",-0.07772229
"F274Y,K525E",-0.07790847
"S24T,M409L",-0.07794476
"F104L,P193L",-0.07796614
"K85E,P188T",-0.078007326
"S108P,S499T",-0.07802243
"V294E,I504T",-0.07809081
"Y40N,H216R",-0.07823305
"F274Y,K515E",-0.07829447
"F48Y,S505T",-0.07829505
"I445V,A488T",-0.078383
"L35P,P123L",-0.078563616
"R143C,Q152K",-0.078656316
"K131E,E275K",-0.07874361
"N33I,P394L",-0.078751914
"F528S,L553F",-0.078813516
"F42Y,K543M",-0.0789137
"Q511E,S514T",-0.07902597
"A66T,T431A",-0.07907362
"Q15P,V497E",-0.07908764
"Y30H,S502C",-0.07913474
"I276V,N406D",-0.07922856
"Q152K,D441N",-0.07936178
"G60D,S142P",-0.079400904
"I45L,H87R",-0.079473175
"Q141L,I166T",-0.079488754
"N18S,E400G",-0.07969917
"L417W,D424G",-0.07978418
"R143C,N379D",-0.0799328
"T115S,V159I",-0.080047354
"A66T,S537L",-0.08006205
"I158L,K336E",-0.08014022
"Q129L,A482T",-0.08024365
"E381V,E464V",-0.08029397
"V245G,S514T",-0.08035147
"K128N,N414Y",-0.08037618
"M409L,F512Y",-0.08038339
"D440G,M483R",-0.08048664
"N18S,L199P",-0.08060196
"K149E,P416T",-0.08067384
"I268T,V496A",-0.080682054
"T422M,I437V",-0.080803685
"E125K,V526A",-0.0808726
"I21T,H87R",-0.08094692
"Q15L,K149E",-0.08110388
"D39G,G374C",-0.08110413
"P394L,K425E",-0.081128016
"A420V,L553F",-0.081142254
"V139I,F337L",-0.081169605
"T71I,Y235C",-0.08122545
"L75P,P536L",-0.08140351
"A66T,T267S",-0.08162222
"Q13R,Q282L",-0.08163014
"I268T,V496G",-0.08178313
"K128N,G345S",-0.08180732
"T422S,F528I",-0.08181283
"F22L,G265D",-0.081879094
"I21T,G435R",-0.08193202
"K397N,R404S",-0.08196902
"D441N,N503S",-0.08199957
"N18I,E125K",-0.082192376
"L417W,Y455N",-0.08219792
"I113T,K309Q",-0.08226057
"N8S,S499T",-0.08236009
"E125K,L443P",-0.08251566
"N18K,T267S",-0.08265409
"M317K,A356L",-0.0830447
"T2I,L443P",-0.08311741
"Q129L,K539E",-0.083170526
"K484R,D487G",-0.08318866
"L137P,D424G",-0.08322311
"F48S,Q129L",-0.08324832
"T115S,F249L",-0.08327296
"V5A,P123L",-0.0833182
"I270L,L443P",-0.08349486
"N81Y,K397N",-0.08352481
"D12G,V223E",-0.08368993
"F48Y,T289S",-0.08375529
"M382V,S505T",-0.083765835
"R263G,P473L",-0.08382056
"F201Y,K515E",-0.08404167
"E180K,K510M",-0.084043235
"E180K,S261G",-0.0840875
"N18K,F274Y",-0.084147796
"K147I,R404S",-0.08427787
"C286Y,K515R",-0.084282085
"V139I,H430Q",-0.084288836
"K539E,K543M",-0.084380314
"T115S,V497E",-0.084427066
"A112P,I301T",-0.084556095
"L82H,K128N",-0.08458472
"M382V,K425E",-0.08460392
"N56D,C286Y",-0.08486086
"K510E,F528I",-0.084985025
"Q10L,V368A",-0.0851117
"I138T,F249L",-0.085113645
"T140A,G411S",-0.085117534
"I453F,V460A",-0.08518514
"F512Y,S537L",-0.08519989
"F201Y,F337L",-0.08524127
"Q152K,L553F",-0.08540031
"A356L,N503K",-0.085448205
"S142P,V497E",-0.085655816
"L75P,Q141L",-0.085713014
"K397N,D426G",-0.085850134
"N33D,S320F",-0.0859312
"I41F,S531Y",-0.0861654
"I166N,G360R",-0.08640294
"V245G,N406D",-0.086461745
"K525E,T529P",-0.08663312
"F458S,S502C",-0.08667296
"N44D,V354M",-0.08682431
"T140S,R263G",-0.08689684
"A77T,M409L",-0.08695657
"V5A,L199P",-0.087310836
"I504T,K534R",-0.08740453
"G111A,L137P",-0.08740529
"T140A,E180K",-0.08754759
"P32L,L137P",-0.087670416
"I270L,V368A",-0.08774707
"N18S,F109L",-0.087842874
"W428R,F528S",-0.08785715
"L393S,V496G",-0.08789258
"N56D,D438N",-0.087919965
"I6R,S502C",-0.0880411
"A130S,K454R",-0.08809995
"S24T,T431A",-0.08811599
"P188T,K363E",-0.088120155
"L105P,K425E",-0.088168204
"E125V,P394L",-0.088168845
"E125K,K425E",-0.08834341
"Y40N,P462R",-0.08841204
"L199P,G427C",-0.08849107
"N118D,G427C",-0.088513896
"L82H,K410R",-0.08869228
"Q225R,V354M",-0.08873914
"G60D,V377M",-0.08877405
"Q152K,S502C",-0.088813335
"A66T,G111A",-0.088922076
"L449S,G538R",-0.08896268
"P123L,E125V",-0.0889795
"I270L,G427C",-0.088981345
"M409L,P473L",-0.089121416
"G374C,R542M",-0.08916436
"K309Q,D487G",-0.089252435
"D441G,K484R",-0.089306094
"Y40N,V460A",-0.08933315
"L137P,R546G",-0.089346506
"N237D,P536L",-0.08940932
"I242A,V245G",-0.08953936
"I251T,H472R",-0.08958688
"S142P,P473L",-0.08967377
"K287E,R546G",-0.089702755
"Q10L,K131E",-0.0898269
"N153S,K363E",-0.089967586
"V5A,L246S",-0.090107046
"Y235C,V245G",-0.090221025
"F48S,S116P",-0.09028391
"L93I,V100A",-0.090301454
"N81Y,K128N",-0.09042224
"S502C,I532M",-0.09042844
"V100I,I113V",-0.09047508
"Y235C,N503S",-0.09056508
"L75P,M409L",-0.09058614
"Q15L,S499T",-0.090709075
"I166N,K525E",-0.09079331
"I242A,Q511E",-0.0908782
"W428R,N503S",-0.090914
"S261G,A550E",-0.09093581
"C286Y,L553F",-0.09102371
"T2I,K515E",-0.09104824
"Q15P,P123L",-0.091257036
"E125V,S531Y",-0.09132889
"A479G,P536L",-0.091391586
"T267S,P394L",-0.091408655
"K131E,V354M",-0.091810994
"D39G,E486G",-0.0918185
"N237D,F249L",-0.09188892
"T140A,I270L",-0.092024826
"A66T,V159I",-0.09209708
"S108T,D424G",-0.09219554
"A372P,K525E",-0.09220002
"N118D,V197E",-0.092350975
"I6T,A356L",-0.09237355
"C402F,V480A",-0.09238449
"L443P,A479G",-0.09250051
"M317K,K363E",-0.09268085
"A77T,T431A",-0.09270482
"L105P,R546G",-0.09273455
"V5A,A66T",-0.09277647
"E381V,S531A",-0.09286554
"I270L,P492S",-0.09287533
"C286Y,V480A",-0.09304718
"D440G,K534R",-0.093090326
"I187T,N524D",-0.09323285
"V223E,K539E",-0.093336396
"Q10L,Q129L",-0.093338594
"P123L,T431A",-0.093618646
"A66T,F201Y",-0.09377649
"Y235C,I445F",-0.093778096
"I6R,I242A",-0.0938159
"S505T,R546G",-0.0939088
"V354M,K543M",-0.09395419
"I268T,D441N",-0.09396301
"C286Y,V496A",-0.094229795
"I41F,F249Y",-0.09431163
"N237D,T267S",-0.094571166
"S24T,A372P",-0.09457383
"M382V,P536L",-0.09459722
"E400G,P536L",-0.09463263
"Y40N,S514T",-0.09475325
"A66T,D424G",-0.0948894
"N33I,G60D",-0.09494982
"S116P,L137P",-0.09497885
"L105P,A372P",-0.09505466
"S108T,P536L",-0.09505671
"R25G,L93P",-0.09526971
"L137P,S505T",-0.09528748
"F104L,I523V",-0.095414996
"L75P,P492S",-0.09549022
"S499T,F528L",-0.09563125
"N33I,A479G",-0.09565325
"V5A,P394L",-0.09569552
"G265D,E464V",-0.095904194
"I6T,V480A",-0.09613933
"D164G,V480A",-0.09618624
"P123L,I523V",-0.09618641
"Q10L,P492S",-0.096230134
"N8S,S116P",-0.09624974
"Q10L,E47K",-0.096442826
"E189G,F512S",-0.096466094
"L280S,K363R",-0.09654678
"R263G,T289S",-0.096607715
"L82H,M271I",-0.09666477
"D9N,K147I",-0.09678722
"F104L,G111A",-0.096903235
"L137P,V159I",-0.0970851
"Q15P,K425E",-0.097157955
"N33I,K515E",-0.097258285
"Q15L,S261G",-0.09732909
"P200S,S370T",-0.09742488
"T422S,V526M",-0.09744329
"G111A,M554T",-0.09752888
"L105P,Y455N",-0.09759143
"F104L,V377M",-0.09761419
"Q141L,G411S",-0.09770152
"S108P,Q141L",-0.09779978
"G60D,K287E",-0.09784554
"V197E,S203Y",-0.0979182
"N8S,N56D",-0.09795901
"P123L,V377M",-0.09804392
"I268T,T422S",-0.09813748
"I270L,S370T",-0.098162055
"N18I,V139I",-0.09820233
"S261G,E464V",-0.09824839
"N153S,Q282L",-0.098274305
"L280S,V460A",-0.098473415
"N153S,L278F",-0.098504335
"K397N,E442K",-0.09852413
"V20I,T71I",-0.09857088
"A356L,S531A",-0.09863992
"L443P,T529P",-0.09866729
"Y40N,I242A",-0.09869095
"K85E,I301V",-0.098771885
"N56D,L545I",-0.098909795
"A66T,K149E",-0.09908351
"F22L,G427C",-0.09911749
"T289S,M409L",-0.09922671
"I41F,N153S",-0.09924343
"L137P,V197E",-0.09931014
"K309Q,N414D",-0.09952526
"D12G,V264A",-0.09955025
"Q13R,V100A",-0.099586636
"V377M,M554T",-0.09967872
"T2I,F512Y",-0.09978049
"V145A,Q511E",-0.099855095
"K410R,D544G",-0.09987434
"P193S,V223E",-0.09996288
"A494V,L553F",-0.099997915
"L105P,S505T",-0.10002379
"M271I,D544G",-0.10003771
"E486G,R542M",-0.100039765
"E400G,T431A",-0.10013243
"V377M,P394L",-0.10015179
"N118D,M483I",-0.10022856
"Y30H,V446A",-0.10031845
"A112E,F512S",-0.10032567
"T114P,K543S",-0.1003718
"E189G,I408V",-0.10038776
"I45G,S370T",-0.10047865
"Q129L,V354M",-0.10049898
"V100I,S133P",-0.1006089
"T115S,F274Y",-0.10061251
"E47K,S108P",-0.10062655
"E364G,E442K",-0.10067092
"Y30H,V145A",-0.10067646
"R25G,L545I",-0.10069943
"V377M,V526A",-0.100720786
"A112E,I276V",-0.10074347
"I21T,M271I",-0.10078367
"P188T,M483I",-0.10085833
"L105P,G111A",-0.100920215
"V139I,V526A",-0.101078056
"A77T,A372P",-0.101199605
"A112E,I158L",-0.10124676
"R143C,L468F",-0.10125934
"N18S,T289S",-0.10132736
"D12G,T422S",-0.10135748
"T289S,L443P",-0.10137361
"E330V,K484R",-0.10145142
"I408V,K543E",-0.101510525
"T2I,S142P",-0.10153726
"H87R,S320F",-0.10175179
"L468F,V480A",-0.10195482
"V368E,I453F",-0.10201001
"P193L,F337L",-0.10206312
"V145A,D487G",-0.10206377
"N96S,G538R",-0.10207888
"E400G,M409L",-0.102187246
"A112E,I445F",-0.10230913
"C402F,K484R",-0.1023115
"I113V,K410R",-0.10236778
"I166V,V480A",-0.102379054
"T2I,S203Y",-0.102388404
"E180K,V197E",-0.102492444
"N18K,P193L",-0.10249437
"V20I,F512S",-0.10252051
"G411S,K543M",-0.10252774
"N18S,L417W",-0.1025708
"L137P,T140A",-0.10269856
"T2I,A372P",-0.1029975
"S320F,A488T",-0.10300999
"D28E,E43D",-0.10303976
"E180K,K543M",-0.103174984
"E400G,L443P",-0.103215575
"T267S,E400G",-0.10326472
"D426G,A488T",-0.10349655
"T114P,V184E",-0.10353623
"K149E,F512Y",-0.10353695
"Y235C,I276V",-0.103583224
"R548S,N551D",-0.10363166
"F22L,K510M",-0.103662245
"I41T,L79P",-0.103733554
"P32L,S505T",-0.10392375
"L137P,E451G",-0.10404635
"I113T,N406D",-0.10425635
"L246S,F249L",-0.10436673
"K287E,T431A",-0.10459519
"S142P,I166N",-0.10464819
"K309Q,A494V",-0.1046834
"L105P,A112P",-0.104702555
"P123L,F201Y",-0.10477887
"K484R,A494V",-0.104864866
"V245G,K336E",-0.1049163
"S261G,G411S",-0.104950935
"G411S,S499T",-0.10497773
"L79P,Y235C",-0.1049964
"E180K,V368A",-0.10509284
"Q3R,A372P",-0.10514268
"G60D,V159I",-0.10524657
"K85E,I270L",-0.10525346
"G265D,I301V",-0.1052733
"Y30H,Y235C",-0.1053395
"A77T,V159I",-0.10544951
"T140A,K525E",-0.10561491
"F42I,V264A",-0.105645746
"L393S,V496A",-0.10565353
"P123L,K149E",-0.10566059
"G374C,F519S",-0.1057809
"V480A,S531A",-0.105862096
"S202T,V446A",-0.10595386
"Q15L,P193L",-0.10598788
"Q3R,I523V",-0.10605373
"V223E,F249Y",-0.10611262
"V197E,G411S",-0.10616728
"R263G,I523V",-0.106182165
"V264A,M317K",-0.10620157
"P32L,V377M",-0.10623381
"F42I,V223E",-0.10626139
"N56D,L79P",-0.10630741
"F48I,P473L",-0.10634095
"K131E,E180K",-0.106400594
"N8S,V368A",-0.106481545
"R263G,P536L",-0.10651681
"D424N,I437V",-0.10665504
"L199P,V223E",-0.10676992
"L105P,Q511R",-0.106838346
"S142P,F201Y",-0.10691454
"T140A,K515E",-0.10695855
"N18I,I437V",-0.10696836
"T2I,H430Q",-0.10704275
"Q15P,S505T",-0.10724355
"Q141L,S531Y",-0.107318655
"Q129L,E464V",-0.107353225
"V139I,E451G",-0.10766542
"L35P,F48L",-0.10769248
"T267S,A479G",-0.107722595
"F104L,V497E",-0.10783033
"L105P,V159I",-0.107948
"S370T,I437V",-0.10799053
"Q10L,K510M",-0.10812732
"A66T,S499T",-0.108167775
"N524D,R548S",-0.10817245
"I29V,N551D",-0.1083221
"I158L,V460A",-0.108333856
"S24T,V159I",-0.108417004
"I270L,E381V",-0.108473375
"K131E,I138T",-0.108476296
"L105P,M409L",-0.10852314
"V446A,D487G",-0.10854173
"Q3R,V159I",-0.10857534
"I166V,K515R",-0.108827814
"D424N,A482T",-0.10885828
"Q13R,I242A",-0.10886179
"K147I,S320F",-0.10900549
"F48I,H430Q",-0.10901387
"P193S,K484R",-0.109113306
"Q15P,F337L",-0.10913223
"Y40N,E189G",-0.10916751
"V184E,L468F",-0.1092889
"V5A,E400G",-0.109532885
"I45G,D424N",-0.1095943
"V294E,E442K",-0.10961082
"S142P,I523V",-0.109818205
"S108T,Q511R",-0.10987703
"Q13R,V145A",-0.10991894
"V139I,T431A",-0.11012788
"I504L,T529A",-0.11022757
"L199P,D424N",-0.11045387
"V159I,E400G",-0.11051331
"L137P,S261G",-0.110528566
"V159I,I301T",-0.11054039
"G111A,S142P",-0.11055978
"Q15L,K131E",-0.11056323
"Q13R,N56D",-0.11065169
"I138T,V159I",-0.1107069
"P123L,V526A",-0.11075392
"K425E,P473L",-0.11090439
"N237D,R546G",-0.11097001
"H216R,I445F",-0.11099259
"A479G,I523V",-0.11104925
"L75P,K85E",-0.11111945
"N33I,L35P",-0.111136876
"N33I,S203Y",-0.111150295
"K287E,L443P",-0.111311406
"V223E,V354M",-0.111404546
"K543E,R548S",-0.111442216
"K85E,I301T",-0.11148037
"L278F,E464V",-0.111481205
"E125K,F201Y",-0.111483276
"F48I,S142P",-0.11165389
"I453F,P462R",-0.1116541
"V159I,P394L",-0.11167146
"N44D,A550E",-0.111829035
"I21T,V184G",-0.11185963
"V100A,L545I",-0.1120039
"S499T,S505T",-0.11229386
"Q3R,F201Y",-0.112594806
"T71I,V446A",-0.11264826
"R25G,I166V",-0.112666465
"Q15P,T267S",-0.11273596
"L246S,F337L",-0.11274192
"Q225R,F444S",-0.11310714
"S370T,P416T",-0.113170944
"N33D,D240G",-0.11318016
"K85E,I437V",-0.11338997
"V145A,N503S",-0.113431424
"D39G,K383R",-0.1134352
"C286Y,S502C",-0.11359082
"T140S,R546G",-0.11370532
"F274L,P473L",-0.1137057
"V368E,R548S",-0.1137293
"A112P,N237D",-0.11383384
"I166N,F512Y",-0.11397025
"H430Q,E451G",-0.11401065
"S116Y,G411S",-0.11413959
"L413H,N524D",-0.11414728
"I408V,M483R",-0.11417092
"S108T,F274L",-0.11421767
"A77T,K149E",-0.11426695
"Q13R,R25G",-0.11437601
"G360R,D424N",-0.114380255
"A300V,G435R",-0.11444477
"F104L,T422M",-0.1144741
"G360R,K363E",-0.11462251
"I408V,N524D",-0.11463343
"V20I,L280S",-0.114655994
"V446A,I532M",-0.11481838
"F249Y,T422S",-0.114976615
"E364G,D544G",-0.11497759
"L105P,P536L",-0.11498374
"S203Y,G427C",-0.115066014
"D440G,N551D",-0.11516188
"Y40N,N555D",-0.115199186
"T2I,T267S",-0.11530642
"S108T,V159I",-0.1153652
"I187T,V294E",-0.115603134
"L199P,G265D",-0.11564197
"F48Y,K149E",-0.11566468
"P32L,T267S",-0.11572989
"T140S,Y455N",-0.115761675
"N237D,S537L",-0.11583679
"T422S,A482T",-0.115838125
"A420V,V496A",-0.115909204
"L246S,M409L",-0.11592429
"H216R,F528S",-0.115965806
"K397N,D440G",-0.11600412
"E47K,I301T",-0.116263576
"N44D,I166T",-0.1163666
"P193L,N237D",-0.11643077
"N44D,I301V",-0.11651416
"K397N,D544G",-0.116585664
"N18I,T140S",-0.11659568
"L79P,V446A",-0.11661235
"V100I,L280S",-0.11700667
"E400G,Q511R",-0.11702051
"I242A,A479V",-0.11714453
"V159I,A479G",-0.11728398
"E464V,M483I",-0.11730585
"N96S,V290G",-0.11735526
"G265D,I437V",-0.117393754
"Q15P,E451G",-0.11748308
"N153S,K484R",-0.117522664
"E381V,F528L",-0.11760402
"L246S,E381V",-0.11771782
"S24T,K131E",-0.117802635
"V5A,T140S",-0.117830165
"T2I,F274I",-0.11790543
"S261G,M554T",-0.11792016
"Q3R,T422M",-0.11797912
"I41F,E464V",-0.1179886
"I138T,Q141L",-0.118066415
"N18I,S531Y",-0.11811547
"T289S,A372P",-0.1181797
"F104L,S499T",-0.118229024
"T267S,F337L",-0.11828386
"I276V,V460A",-0.11831541
"T115A,L413H",-0.11835097
"S202T,Y235C",-0.1184016
"Q13R,V446A",-0.118442796
"H87R,R404S",-0.11855246
"T2I,A112P",-0.118570045
"I138T,G265D",-0.11858818
"Q511R,F512Y",-0.11869174
"A356L,A550E",-0.118839905
"K128N,D544G",-0.11884796
"F42Y,N56D",-0.11887704
"I41F,I138T",-0.1188879
"N33D,F109R",-0.11892064
"S142P,E451G",-0.11900938
"M271I,A300V",-0.11914099
"I41F,G411S",-0.119192526
"E400G,I523V",-0.11924114
"P200S,Q282L",-0.11928343
"I166V,I242A",-0.1193724
"N255S,K484R",-0.1193778
"K287E,V497E",-0.11949529
"V264A,E275K",-0.11953528
"K128N,D440G",-0.11963906
"F109S,Q129L",-0.11964308
"L35P,S261G",-0.11968013
"G60D,E125V",-0.11983245
"F104L,K131E",-0.11984558
"N44D,I301T",-0.11988288
"T267S,P473L",-0.119933665
"F249Y,L278F",-0.11995599
"A372P,E400G",-0.12003921
"N18K,E47K",-0.12015077
"P188T,V223E",-0.12018543
"F22L,K363E",-0.12024214
"Y40N,N81D",-0.12027612
"I453F,N555D",-0.12053329
"F104L,L443P",-0.120590545
"L413H,T529A",-0.120595604
"Q141L,L199P",-0.12072865
"G60D,R263G",-0.12073366
"V294E,D440G",-0.120745316
"M317K,K543M",-0.12082736
"N56D,L393S",-0.12088024
"S116Y,P416T",-0.12092197
"D39G,S222G",-0.12092422
"Y30H,I242A",-0.1210179
"H216L,A300V",-0.121021695
"E125K,P492S",-0.12116606
"A372P,M382V",-0.12119008
"F48S,L278F",-0.121192336
"R25G,A494V",-0.12131141
"A372P,P416T",-0.121322975
"E125V,M382V",-0.12167988
"V368A,G411S",-0.12169968
"Y235C,A479V",-0.12180909
"F337L,A372P",-0.12189022
"V139I,M409L",-0.12203223
"K149E,K287E",-0.12222133
"Y30H,N81D",-0.12242479
"S108T,F249L",-0.122558445
"V20I,I408V",-0.122605875
"D12G,S502C",-0.12271915
"L278F,I437V",-0.122723386
"T115A,I408V",-0.12276544
"S505T,I523V",-0.122803435
"N96S,V184G",-0.122810096
"V184E,L393S",-0.12294237
"R143C,M317K",-0.123073995
"F104L,T529P",-0.12324411
"Q15P,T140A",-0.12359494
"N414D,V480A",-0.1236003
"F22L,S370T",-0.12361372
"F48L,L137P",-0.123618826
"Y235C,L545I",-0.123664625
"M483R,R548S",-0.12372425
"E47K,T115S",-0.123768866
"I138T,D424N",-0.12378784
"L105P,F249L",-0.12414376
"K383N,I445V",-0.12414764
"T2I,P123L",-0.12419024
"A479G,T529P",-0.12423738
"E364G,D440G",-0.12444002
"I138T,G427C",-0.124446735
"F458S,V460A",-0.124621645
"V197E,F528L",-0.12463933
"S116Y,L246S",-0.12471994
"L105P,E125V",-0.124784015
"Q15L,E381V",-0.124854445
"N44D,T115S",-0.12500335
"K425E,R546G",-0.12501837
"I268T,K515R",-0.12504098
"K363E,I437V",-0.12522978
"P200S,K484R",-0.12532835
"G111A,M382V",-0.12542276
"S24T,I41F",-0.12560901
"K85E,A550E",-0.1257231
"N406D,A494V",-0.12584046
"Y30H,K336E",-0.12587921
"N379D,N555D",-0.12596218
"T431A,P473L",-0.1259703
"V264A,A482T",-0.12604254
"D440G,Y455H",-0.12605798
"V7D,L449S",-0.12610433
"L278F,A550E",-0.1261381
"A77T,S499T",-0.1261786
"I21T,K147I",-0.12622207
"V197E,F512Y",-0.12655613
"Q225R,E464V",-0.12661423
"V139I,V497E",-0.12669219
"S24T,T529P",-0.12671874
"N44D,P394L",-0.12674052
"S24T,Q141L",-0.12675793
"N18S,E125V",-0.1269847
"I41F,F444S",-0.12716207
"C286Y,S514T",-0.12748878
"T114P,S370T",-0.12752149
"S202T,V493A",-0.12753919
"R263S,K410R",-0.12754233
"P193L,M382V",-0.1275478
"L79P,N406D",-0.12757722
"K85E,G411S",-0.1276418
"Q3R,Q141L",-0.12774138
"I21T,G374C",-0.12779675
"L79P,V513A",-0.12786552
"V20I,F528S",-0.12809843
"L75P,R143C",-0.12838262
"V145A,Q152K",-0.1284051
"P200S,K309Q",-0.12846206
"T2I,Y455N",-0.12846364
"K131E,L246S",-0.12853354
"E275K,S370T",-0.12854768
"V223E,I301T",-0.12861915
"F48I,R263G",-0.12864478
"V159I,T289S",-0.12866768
"Y30H,V493A",-0.12874326
"V290G,R542M",-0.12920432
"T71I,V513A",-0.129338
"N406D,D438N",-0.1293525
"T115S,L278F",-0.1293807
"P188T,Q282L",-0.12941858
"F109L,E125V",-0.12959085
"G60D,Y455N",-0.12976925
"P32L,V159I",-0.12983361
"G60D,L443P",-0.13001013
"L79P,S514T",-0.13019824
"L278F,I301T",-0.13028124
"V354M,K363E",-0.13049306
"S142P,F249L",-0.13049994
"F42I,K484R",-0.13053478
"M317K,V496G",-0.13063356
"V354M,V480A",-0.13072851
"V20I,I187T",-0.13116074
"S108P,V184E",-0.13117374
"V197E,P416T",-0.13122122
"E330V,V480A",-0.13128066
"V184E,I270L",-0.13129276
"S203Y,P492S",-0.13130316
"S202T,V460A",-0.13137658
"K510R,R548S",-0.13145816
"L93I,K363R",-0.13151662
"E330V,N406D",-0.13156267
"S202T,H216R",-0.13175794
"Q282L,D477G",-0.13186504
"T115S,Q129L",-0.13193817
"I41F,F528I",-0.13198082
"K149E,T289S",-0.13211407
"L137P,S499T",-0.13215202
"A300V,T529A",-0.13218765
"Q15P,F201Y",-0.132255
"L417W,K510E",-0.13233714
"Q13R,K309Q",-0.13236329
"V5A,F337L",-0.13236418
"L35P,G427C",-0.13237289
"A66T,E381V",-0.1324499
"F22L,Q282L",-0.13282575
"F249Y,V264A",-0.13293941
"D9N,V184G",-0.1329785
"V513A,I532M",-0.13305831
"L246S,D424N",-0.13315767
"T2I,E451G",-0.13329393
"P123L,P492S",-0.1333242
"P32L,I523V",-0.13336483
"S108T,V368A",-0.13343598
"K425E,T431A",-0.13345698
"L75P,P193L",-0.13352917
"Q15L,K510E",-0.13353342
"Q10L,K363E",-0.13354951
"M317K,V496A",-0.13360153
"V20I,I540T",-0.13362055
"T2I,P473L",-0.13368498
"P32L,F274I",-0.13393143
"I113V,G435R",-0.13393341
"D424G,S505T",-0.13409412
"I187T,K397N",-0.13414556
"N8S,K484R",-0.13422114
"P200S,V480A",-0.13430077
"Q282L,A482T",-0.1343716
"F512S,N524D",-0.1344379
"H430Q,I523V",-0.13448873
"V223E,A550E",-0.13475005
"D88N,K454R",-0.13478531
"P188T,T422S",-0.13478644
"T71I,K534R",-0.13480024
"A112E,D438N",-0.1348118
"Q129L,S531Y",-0.13484016
"L199P,P492S",-0.13491336
"F22L,Q225R",-0.13514109
"F249L,T289S",-0.13514811
"T431A,R546G",-0.13517728
"N503S,K534R",-0.13518694
"P394L,Q511R",-0.13520186
"Y30H,N555D",-0.13526729
"V460A,D487G",-0.1353438
"S142P,T422M",-0.13542764
"A66T,G427C",-0.13549
"S133P,T529A",-0.13553567
"G111A,P473L",-0.13555007
"T140A,F512Y",-0.13559201
"K510E,K525E",-0.13564426
"P193L,L246S",-0.1356609
"I41F,L246S",-0.13586389
"P32L,F274Y",-0.13597392
"E381V,S531Y",-0.13599214
"E47K,P416T",-0.13601263
"N44D,G60D",-0.13601762
"P193L,H430Q",-0.13669562
"V159I,P473L",-0.1367016
"H430Q,Y455N",-0.13672987
"I270L,K543M",-0.13680619
"N56D,A482T",-0.13686308
"S142P,V159I",-0.13688317
"L105P,S116P",-0.13692178
"S24T,E47K",-0.13693453
"Q225R,I437V",-0.13698716
"N524D,I540T",-0.13699031
"Q15P,S261G",-0.13706665
"V5A,T431A",-0.13717075
"F201Y,H430Q",-0.13717915
"F104L,S261G",-0.13749874
"P536L,R546G",-0.13751289
"I276V,P462R",-0.13763855
"L79P,H216R",-0.13773389
"F337L,V377M",-0.13774276
"Q13R,V513A",-0.13777202
"L93I,H216R",-0.13785459
"S370T,L417W",-0.1381712
"I268T,K484R",-0.13819039
"F104L,Q129L",-0.13824311
"L417W,D424N",-0.13832092
"S133P,N551D",-0.1383289
"F274Y,H430Q",-0.13840017
"V159I,H430Q",-0.13841698
"R143C,F249Y",-0.13845868
"F22L,N56D",-0.13850726
"D12G,Q282L",-0.13851275
"N18S,T267S",-0.13857703
"F458S,P462R",-0.13860802
"V184E,P188T",-0.13860898
"I453F,M483R",-0.13870724
"I523V,R546G",-0.13880742
"T115S,A356L",-0.13884473
"N33I,M409L",-0.13903122
"E47K,F104L",-0.13906018
"V184E,I437V",-0.13906376
"Q225R,A550E",-0.13914338
"V5A,K425E",-0.13916998
"D164G,I242A",-0.13920288
"Y235C,A420V",-0.13926184
"Q3R,N18S",-0.13926235
"V480A,A494V",-0.13929185
"M382V,Q511R",-0.13994312
"E400G,P492S",-0.13994865
"D240G,K383N",-0.13996093
"D441G,V460A",-0.14021873
"A112P,P473L",-0.14052878
"S261G,E400G",-0.14059229
"Q3R,K131E",-0.1406437
"I158L,P462R",-0.1407569
"I408V,K534R",-0.14076076
"Q15P,L278F",-0.14084472
"N81Y,K383N",-0.14092575
"K85E,P416T",-0.14124626
"V223E,I270L",-0.14129272
"S116P,K525E",-0.14145195
"L105P,K131E",-0.14155483
"E400G,S499T",-0.14157979
"K131E,S142P",-0.14166947
"K131E,L137P",-0.14167014
"V245G,N555D",-0.14171459
"Q141L,M554T",-0.141957
"F274I,M554T",-0.14197744
"F104L,Q141L",-0.14205018
"P123L,S261G",-0.14213148
"S116P,S142P",-0.14223264
"F22L,I166N",-0.14233577
"M409L,R546G",-0.1424878
"I187T,K410R",-0.1425567
"Q282L,M317K",-0.14259478
"K425E,S537L",-0.14259955
"H87R,I113V",-0.14267324
"F337L,Y455N",-0.14284271
"P416T,T529P",-0.1431012
"R143C,I301V",-0.14316449
"V184E,P200S",-0.14321409
"K85E,T115S",-0.14324135
"K336E,N379D",-0.14336364
"A66T,K510M",-0.14336428
"F337L,T431A",-0.14349107
"V513A,L545I",-0.14367512
"V184E,L417W",-0.1436959
"I270L,Q282L",-0.14371316
"P188T,L553F",-0.1437301
"V159I,M382V",-0.14386569
"F109L,V159I",-0.14388555
"V377M,V497E",-0.14395297
"V223E,I437V",-0.14400508
"I540T,N551D",-0.14416333
"V139I,K149E",-0.14443946
"Q15L,V223E",-0.14448535
"N255D,D544G",-0.14451568
"V264A,F444S",-0.14457673
"F104L,E381V",-0.14458638
"I437V,K543M",-0.14471707
"F48L,V377M",-0.14478983
"S499T,R546G",-0.14486152
"S24T,Q129L",-0.14488803
"S24T,N44D",-0.1450316
"N33I,V159I",-0.1453279
"F109K,E189G",-0.14544481
"N56D,G360R",-0.1454692
"T140A,P394L",-0.14554647
"T114P,V480A",-0.14558078
"A66T,S116P",-0.14563844
"Y455N,P473L",-0.1456995
"D424N,N503K",-0.1459929
"Q15P,F249L",-0.14601599
"R25G,L468F",-0.14609182
"L280S,K534R",-0.14613852
"V354M,L553F",-0.14616317
"I6R,V513A",-0.14618497
"G60D,K149E",-0.14630653
"G111A,L443P",-0.14633648
"V145A,N379D",-0.14652388
"E125K,G427C",-0.14660706
"S133P,K410R",-0.146714
"N8S,V496G",-0.1467543
"R25G,P200S",-0.14678304
"K128N,I187T",-0.14686552
"E275K,Q282L",-0.14690949
"A77T,E381V",-0.14704733
"G411S,D424N",-0.14709054
"F104L,G427C",-0.14718269
"I270L,T422S",-0.1476429
"K425E,I523V",-0.14771177
"I158L,E189G",-0.14772263
"Q129L,S203Y",-0.14774583
"E189G,I276V",-0.14798918
"I6T,N56D",-0.14819719
"V100I,I540T",-0.14824821
"A420V,S514T",-0.148294
"Q15P,G427C",-0.14832953
"L137P,V223E",-0.14835015
"A77T,V197E",-0.1483565
"Y40N,K410R",-0.1484442
"A66T,A356L",-0.14857952
"N56D,P188T",-0.1486938
"K131E,K287E",-0.14876932
"N237D,P492S",-0.14886583
"E43D,A130S",-0.14888427
"V5A,P536L",-0.14894283
"K363R,D487G",-0.1490169
"V159I,L443P",-0.14910692
"G374C,E442K",-0.14938326
"L93I,V100I",-0.1494532
"N237D,E381V",-0.14956084
"G538R,R542M",-0.14962985
"L75P,V496A",-0.1497629
"Y30H,P462R",-0.14982936
"V446A,D477G",-0.1499278
"V493A,L545I",-0.14998268
"I408V,K410R",-0.15002541
"A77T,G427C",-0.15004563
"K410R,N503S",-0.15013734
"S24T,K85E",-0.15018995
"Y40N,K397N",-0.15028137
"N379D,N551D",-0.15028287
"L278F,L443P",-0.15041883
"E47K,K525E",-0.15042412
"I29V,E364G",-0.15043293
"S203Y,K510M",-0.15045854
"D39G,G538R",-0.15045995
"K287E,T422M",-0.15047759
"G374C,D426G",-0.15049896
"N81D,N153S",-0.15051961
"E381V,K525E",-0.15052316
"I138T,V223E",-0.15058477
"N18K,Q129L",-0.15067695
"A112E,A420V",-0.15073852
"T140A,R263G",-0.15084486
"K336R,R542M",-0.15091422
"V460A,A479V",-0.15124662
"N8S,N406D",-0.15137343
"L443P,S537L",-0.15137857
"E381V,E400G",-0.15141438
"F42I,R143C",-0.15142202
"L393S,N406D",-0.15151952
"V5A,V497E",-0.15165013
"V5A,S499T",-0.15184733
"T71I,I242A",-0.1519292
"Q152K,V513A",-0.15202625
"T422M,P473L",-0.15204535
"Q129L,K525E",-0.15205297
"S261G,M382V",-0.15211582
"S203Y,K363E",-0.15225998
"I29V,K128N",-0.15240224
"F274I,H430Q",-0.1525644
"A300V,E364G",-0.15257159
"R143C,V354M",-0.15259428
"K363E,K515E",-0.15261842
"N33D,I408V",-0.15265597
"S261G,S505T",-0.15295526
"V184E,A482T",-0.1529837
"P473L,V497E",-0.15302569
"F48I,V526A",-0.15303315
"S203Y,Q225R",-0.15306808
"N56D,K539E",-0.15333769
"F458S,N551D",-0.15341489
"H472R,F519S",-0.15350085
"T267S,E451G",-0.15352663
"V377M,Y455N",-0.15354182
"L246S,V264A",-0.15357314
"Q152K,V493A",-0.15376732
"L137P,Q225R",-0.15378615
"I138T,K363E",-0.15387586
"I138T,A356L",-0.15404503
"K128N,I504L",-0.1542002
"T2I,P416T",-0.15420756
"I6R,V493A",-0.15422858
"L278F,K525E",-0.15456247
"P462R,D487G",-0.15458247
"E180K,S370T",-0.15458377
"E125K,A356L",-0.15463862
"V5A,I523V",-0.15471427
"F109L,T422M",-0.1547456
"G60D,E381V",-0.15488738
"A77T,Q141L",-0.15494716
"T422M,L443P",-0.155092
"E47K,A479G",-0.15528512
"I166N,E400G",-0.15539671
"V480A,A482T",-0.15549852
"T115S,D424N",-0.15551324
"P32L,N44D",-0.15553251
"F444S,K515R",-0.15554574
"N56D,L468F",-0.15557766
"I187T,M271I",-0.1555906
"V7D,R542M",-0.15559426
"E47K,L105P",-0.15559934
"A479V,V513A",-0.15566422
"G111A,S505T",-0.15566994
"F104L,S116Y",-0.1557062
"I29V,M271I",-0.1557301
"Q129L,P394L",-0.1558414
"Q10L,Q282L",-0.15587527
"Y235C,C402F",-0.15588336
"Q15L,S370T",-0.15588392
"K131E,F337L",-0.15589172
"S24T,Q225R",-0.15591295
"Y40N,K128N",-0.15594958
"F201Y,F274L",-0.15600152
"P123L,Q141L",-0.15602265
"A112P,L443P",-0.15602568
"I301T,S514T",-0.1560685
"I268T,V493A",-0.15645677
"K425E,T529P",-0.15663302
"E47K,L137P",-0.15676469
"A482T,K515R",-0.1568083
"K336E,L545I",-0.15690377
"N56D,E180K",-0.15707293
"P188T,K309Q",-0.15722902
"L35P,Q141L",-0.15727325
"P193S,S502C",-0.15733327
"S24T,V223E",-0.1577071
"D9N,E486G",-0.15771054
"Q129L,F337L",-0.15781778
"V5A,M409L",-0.15784511
"P536L,S537L",-0.15793863
"A356L,L417W",-0.15811186
"A300V,A488T",-0.15816559
"V139I,F201Y",-0.15822724
"C286Y,W428R",-0.15828753
"T2I,Q511R",-0.15840766
"I408V,G435R",-0.15847704
"F274Y,T289S",-0.15878764
"K397N,L413H",-0.15880324
"P188T,K515R",-0.15880877
"L246S,D441N",-0.15902737
"T267S,A372P",-0.15924215
"S203Y,A356L",-0.1594377
"N18S,A372P",-0.15953848
"I523V,P536L",-0.1595546
"E330V,K363R",-0.15956876
"N18S,R546G",-0.15959343
"L137P,K510M",-0.15961646
"K515R,S531A",-0.15967394
"L93I,N555D",-0.15973856
"V145A,L393S",-0.15984888
"L443P,P473L",-0.15994552
"Q282L,V354M",-0.16005112
"A77T,S116P",-0.16018018
"T140A,H430Q",-0.16020332
"Q511R,V526A",-0.16027409
"L280S,K410R",-0.16031048
"A66T,K85E",-0.1603669
"I45L,S222G",-0.16046426
"H87R,A300V",-0.16054845
"I45L,H472R",-0.16068381
"E47K,V139I",-0.16078442
"A77T,I166N",-0.1608328
"I41T,P416T",-0.16090086
"F42Y,V446A",-0.1610016
"L137P,K510E",-0.16116567
"K128N,A300V",-0.16125448
"A356L,P416T",-0.16125897
"Q282L,G411S",-0.16130517
"V184E,N503K",-0.16143204
"I41T,F249Y",-0.16146865
"S370T,E464V",-0.16147189
"I41T,M317K",-0.16154473
"P188T,S502C",-0.16179076
"V377M,D424G",-0.161945
"K336E,A494V",-0.1619817
"V264A,I270L",-0.16198751
"N8S,R25G",-0.16199946
"N81D,N255S",-0.16216454
"T71I,K510R",-0.1622206
"L199P,V480A",-0.1622843
"Q282L,L468F",-0.1623612
"K149E,T431A",-0.16253482
"N255S,S502C",-0.16270065
"E189G,L545I",-0.16273986
"H430Q,P492S",-0.16274977
"G265D,F512Y",-0.16279083
"S24T,K363E",-0.16289015
"Y40N,G435R",-0.16293193
"E189G,A479V",-0.16300453
"Q10L,V480A",-0.16305202
"S108T,L278F",-0.1631277
"V139I,E381V",-0.16339096
"D424G,V526A",-0.16345605
"Q141L,E400G",-0.1634741
"Q15P,G265D",-0.16361369
"P473L,P492S",-0.16367678
"I29V,H87R",-0.16371012
"H216R,L545I",-0.16372144
"E275D,N379I",-0.16374826
"E189G,S202T",-0.16382036
"F48L,K131E",-0.1640538
"A77T,A356L",-0.16407982
"S261G,H430Q",-0.16417223
"E451G,Y455N",-0.16418274
"F274L,K425E",-0.16420229
"V184E,L199P",-0.1643681
"F22L,V184E",-0.16444777
"S108P,S502C",-0.16446945
"P394L,G427C",-0.16453448
"L280S,K397N",-0.16473077
"G265D,E400G",-0.16522516
"P123L,K510E",-0.16531953
"V294E,I540T",-0.16545701
"C286Y,V513A",-0.16555333
"L105P,Q141L",-0.16555938
"S116Y,E400G",-0.16565664
"M317K,S514T",-0.1656624
"P123L,A356L",-0.16571574
"T114P,K309Q",-0.16575006
"M483I,K525E",-0.16576576
"Q3R,K510E",-0.16578783
"K149E,L443P",-0.16588834
"S202T,V368E",-0.1659736
"K128N,L280S",-0.16601159
"P123L,G427C",-0.16604652
"I301V,S514T",-0.16648924
"I437V,K543S",-0.16652533
"M271I,L280S",-0.16662265
"K397N,I408V",-0.16669858
"F48Y,S116P",-0.16670766
"V5A,V377M",-0.16686875
"T2I,I6T",-0.1668831
"A488T,R548S",-0.1669007
"G435R,F512S",-0.16692749
"A420V,V446A",-0.16694075
"V100I,I453F",-0.1670307
"F201Y,P536L",-0.16715494
"K131E,N237D",-0.16731551
"E180K,Q282L",-0.16734812
"A372P,T431A",-0.1674533
"S24T,I41T",-0.16771951
"V159I,T529P",-0.16782062
"D477G,V513A",-0.16789012
"Q129L,L246S",-0.16790351
"T289S,E381V",-0.1680133
"A77T,K510E",-0.1680961
"L79P,P462R",-0.1682661
"F249L,P536L",-0.16827166
"S108P,L553F",-0.1683797
"P462R,L545I",-0.16848125
"K309Q,G360R",-0.16860229
"D39G,E275D",-0.16860595
"L79P,V100I",-0.16872509
"H216L,F512S",-0.16878892
"V20I,I276V",-0.16891488
"Q129L,N237D",-0.16899364
"I41F,A77T",-0.1691525
"K363R,N414D",-0.16920336
"T267S,V377M",-0.16922054
"L246S,L553F",-0.16924483
"C402F,V513A",-0.16951126
"R143C,I270L",-0.16954657
"N153S,K363R",-0.16955313
"T115A,I158L",-0.16966304
"I301T,S502C",-0.16972122
"H87R,R548S",-0.16979061
"I270L,L278F",-0.17005366
"Q511R,R546G",-0.17005926
"V377M,K425E",-0.17007107
"Y235C,E330V",-0.17028008
"F337L,E381V",-0.17036961
"P32L,S261G",-0.17044976
"I276V,M483R",-0.17064154
"D154E,K454R",-0.17076363
"F48I,K149E",-0.17091101
"K131E,P473L",-0.17101385
"D164G,W428R",-0.17104572
"L137P,V264A",-0.17113167
"V145A,L468F",-0.17121927
"L137P,D441N",-0.1712237
"V264A,P416T",-0.17130232
"N81Y,G538R",-0.17137735
"V197E,P394L",-0.17151342
"F249Y,K309Q",-0.17154652
"A482T,K484R",-0.17167075
"T140S,S499T",-0.17188433
"I166N,I523V",-0.17193788
"V223E,E464V",-0.17194763
"F249Y,K484R",-0.17218567
"T140A,T529P",-0.17238691
"S142P,L278F",-0.17249502
"S203Y,K543M",-0.17266273
"Q141L,M382V",-0.17290495
"K128N,I408V",-0.17301413
"E451G,Q511R",-0.17301837
"S116P,M554T",-0.17311995
"K309Q,S531A",-0.1732097
"T422S,K525E",-0.17340173
"P193S,K363R",-0.17345838
"L93P,V100I",-0.17352289
"M409L,T529P",-0.17356056
"K309Q,I532T",-0.17379077
"V20I,I158L",-0.17380968
"Q152K,V460A",-0.17382137
"T422S,K515E",-0.1738309
"S370T,S505T",-0.17384756
"S203Y,M483I",-0.1740322
"E451G,S537L",-0.17413859
"F249L,R546G",-0.17418692
"S320F,E486G",-0.1741936
"I138T,M483I",-0.17420629
"V159I,Y455N",-0.17420661
"I445V,G538R",-0.1743139
"N44D,T289S",-0.17438379
"N118D,K309Q",-0.17457144
"P193L,K425E",-0.1745998
"I408V,A488T",-0.17471819
"Q10L,R143C",-0.17478046
"K534R,I540T",-0.1747854
"S24T,K543M",-0.17483982
"T2I,P492S",-0.17486404
"G111A,V159I",-0.17488398
"V290G,D426G",-0.17512365
"M271I,F458S",-0.17514886
"E180K,L553F",-0.17515115
"N255D,L413H",-0.1753975
"T115A,I276V",-0.17560893
"E464V,K484R",-0.17584403
"S24T,M483I",-0.17585585
"I242A,L545I",-0.17593774
"I166V,Y235C",-0.17594025
"L417W,T422S",-0.17618926
"K425E,Q511R",-0.17621015
"I166N,P394L",-0.17621401
"V5A,L443P",-0.176294
"C402F,V460A",-0.1767428
"T115S,V223E",-0.17681137
"V446A,L468F",-0.176943
"A66T,K543S",-0.17727424
"P123L,S370T",-0.1774319
"G111A,A372P",-0.17762446
"V377M,T529P",-0.17769404
"F109S,K515R",-0.17771386
"A479V,N524D",-0.17782085
"Y235C,I268T",-0.17782882
"S261G,F337L",-0.1778306
"N18S,T431A",-0.17787808
"V139I,V197E",-0.17792657
"V139I,G427C",-0.17802759
"E364G,I540T",-0.17805657
"V159I,V497E",-0.17838636
"Q15P,V223E",-0.17838964
"R263G,D424N",-0.17850995
"L199P,S502C",-0.17866307
"N237D,D424G",-0.1787412
"T289S,G427C",-0.17874777
"Q225R,E400G",-0.17877303
"E47K,P473L",-0.17890589
"P193L,E451G",-0.17892161
"P32L,Q141L",-0.17897093
"F42I,V100A",-0.1790393
"G265D,P473L",-0.17905106
"S108P,V496A",-0.17911863
"L35P,P193L",-0.17919074
"S499T,I523V",-0.17924973
"V493A,S531A",-0.1792534
"D424N,A479G",-0.17939748
"Q13R,V368E",-0.17942055
"S499T,V526A",-0.17942913
"V100A,V354M",-0.17945892
"K149E,T529P",-0.17949301
"G411S,K484R",-0.17952569
"S142P,D424N",-0.17955478
"T431A,S499T",-0.17963119
"L199P,V496A",-0.1796736
"I242A,I301V",-0.17970574
"V197E,T289S",-0.17974417
"E364G,F512S",-0.17981745
"Q129L,M382V",-0.18007916
"V159I,P536L",-0.18009926
"E381V,M382V",-0.18015605
"L393S,V493A",-0.18025467
"L35P,V264A",-0.18028109
"A112E,Q152K",-0.18029052
"E125V,S505T",-0.18034181
"P394L,K543S",-0.18040325
"K410R,I540T",-0.1804874
"G111A,Y455N",-0.1805213
"I6T,N406D",-0.18054482
"G427C,H430Q",-0.18055685
"V184E,F528I",-0.18056177
"N8S,K363R",-0.1807769
"M409L,V497E",-0.18077822
"G60D,K131E",-0.18085012
"G60D,V197E",-0.18086551
"P193S,W428R",-0.18095334
"C402F,N555D",-0.18103346
"V197E,V526A",-0.18104206
"G60D,S499T",-0.18108082
"Y455N,P536L",-0.18116613
"K85E,S142P",-0.1811714
"V197E,F337L",-0.18122585
"V139I,L278F",-0.18124242
"S108T,V223E",-0.18125139
"T2I,F201Y",-0.18143427
"V223E,F512Y",-0.18150333
"I270L,S502C",-0.18165807
"F109S,L278F",-0.18187454
"E364G,I408V",-0.18192707
"S142P,V223E",-0.18206403
"A112P,E451G",-0.1820705
"V159I,M409L",-0.18223707
"I138T,V480A",-0.18231273
"V197E,K425E",-0.18234754
"S514T,K539E",-0.18254556
"L82H,E486G",-0.18257594
"S261G,T289S",-0.18260483
"Q152K,K336E",-0.18264651
"N118D,V480A",-0.18265337
"K149E,E451G",-0.18269056
"N237D,K543M",-0.18274802
"V145A,A494V",-0.18277988
"Y30H,N551D",-0.18281162
"A356L,M554T",-0.18281358
"V294E,I453F",-0.18285409
"A372P,Y455N",-0.1828717
"I270L,V496G",-0.18289833
"T2I,K149E",-0.1830015
"V139I,A356L",-0.1830723
"K525E,K543S",-0.18309546
"N44D,S142P",-0.18324801
"H216R,A494V",-0.18329433
"A112E,N414D",-0.18329586
"I301T,L553F",-0.18334056
"E180K,K484R",-0.18334572
"S499T,P536L",-0.18366295
"Q152K,V368E",-0.1837531
"V446A,A494V",-0.1838817
"Y40N,H87R",-0.18399884
"V184E,K525E",-0.18417631
"F42I,N555D",-0.18428926
"N44D,L105P",-0.18430342
"I138T,R143C",-0.18437186
"Q152K,K309Q",-0.18443325
"V5A,T267S",-0.18454458
"Y455H,I540T",-0.18474665
"V159I,K425E",-0.18500558
"N33I,E381V",-0.18512009
"D12G,V446A",-0.18520574
"N33I,G111A",-0.18523851
"K149E,V526A",-0.18525517
"E275K,N406D",-0.1853407
"D240G,V290G",-0.18541664
"T267S,V497E",-0.18549368
"G345S,H472R",-0.18552123
"N44D,H430Q",-0.18557629
"S116Y,T140S",-0.18561831
"E125K,S370T",-0.18581015
"T140A,V497E",-0.18583855
"N33D,N379D",-0.18593562
"V159I,R546G",-0.18607187
"N44D,I45G",-0.1861425
"T71I,V368E",-0.18624091
"T115S,K515R",-0.18624543
"A77T,K363E",-0.186331
"V100A,F249Y",-0.18638113
"M382V,K510M",-0.1865304
"T422M,R546G",-0.18664564
"V100A,T114P",-0.18665542
"V377M,I523V",-0.18666413
"T422M,V526A",-0.18670395
"N18K,N56D",-0.18683922
"V497E,I523V",-0.18684511
"G111A,A112P",-0.18695094
"V159I,F249L",-0.18696909
"M409L,P492S",-0.1870817
"K85E,K287E",-0.18712749
"L393S,W428R",-0.18713504
"K149E,A372P",-0.18716559
"V100I,S202T",-0.18718599
"F201Y,A372P",-0.18727416
"E125V,I523V",-0.18728596
"G111A,K149E",-0.18734984
"E381V,M554T",-0.18740943
"P32L,V197E",-0.18748021
"Y30H,K534R",-0.18761195
"K85E,F337L",-0.1876626
"Q141L,P473L",-0.1876986
"G427C,L443P",-0.18771681
"E189G,E330V",-0.18798386
"S116Y,R546G",-0.18800491
"I276V,T529A",-0.18810503
"N81D,L93P",-0.1881759
"F249L,Y455N",-0.18837968
"G111A,I523V",-0.18852663
"V264A,K525E",-0.18867025
"L93I,M271I",-0.18881038
"D424G,S499T",-0.18886967
"T289S,A356L",-0.18887225
"G111A,I166N",-0.18897769
"I242A,K539E",-0.18900442
"D12G,Y235C",-0.18905163
"V20I,F42I",-0.18908225
"F249L,E451G",-0.18917368
"G265D,V377M",-0.1895461
"E442K,G538R",-0.18957391
"N153S,D441N",-0.18972516
"L468F,V493A",-0.18977727
"A550E,L553F",-0.18984596
"S222G,D426G",-0.18988709
"A112P,F201Y",-0.18996793
"E381V,H430Q",-0.19034822
"W428R,D477G",-0.19037765
"T140A,F337L",-0.19045109
"V197E,T529P",-0.19051515
"K515R,S537P",-0.19052404
"K85E,F109L",-0.19058143
"T267S,P492S",-0.19069578
"L443P,P536L",-0.19074011
"K131E,T431A",-0.19091548
"V100A,F528I",-0.19099312
"V496G,A550E",-0.19099769
"E189G,C402F",-0.19113441
"E451G,T529P",-0.19113782
"N18K,I166N",-0.19127828
"I437V,V496A",-0.19147544
"N56D,S108P",-0.1914851
"I138T,T422S",-0.19153291
"L35P,A356L",-0.19165449
"S142P,K363E",-0.1916875
"L137P,L553F",-0.19169778
"S514T,S531Y",-0.19185919
"L35P,Q129L",-0.19191097
"N56D,L75P",-0.1919217
"E125V,Y455N",-0.19198258
"I29V,G374C",-0.19199163
"N406D,F444S",-0.1920419
"S142P,K510M",-0.1921175
"L246S,S370T",-0.1921588
"V245G,K410R",-0.19220753
"D438N,N555D",-0.19225286
"G427C,P473L",-0.19226861
"K287E,D424N",-0.19227996
"I166N,D424N",-0.19248658
"L280S,G435R",-0.19270884
"K287E,K510M",-0.19274166
"K147I,F528S",-0.19298685
"F104L,Q282L",-0.19311906
"L393S,P462R",-0.19337976
"V20I,L393S",-0.19350412
"P492S,P536L",-0.19365215
"R25G,E180K",-0.19375771
"Q13R,N81D",-0.1939115
"V184G,I187T",-0.19392788
"M409L,L443P",-0.1941253
"N18S,F274Y",-0.1941389
"A112E,E330V",-0.1941559
"P416T,T422S",-0.19433844
"F42I,V446A",-0.19438045
"G60D,T422S",-0.19439898
"V368A,V377M",-0.19445272
"V139I,T422S",-0.1944761
"I166T,K309Q",-0.19450216
"N153S,Y235C",-0.19474034
"M382V,D424N",-0.19479163
"V368A,P473L",-0.19496533
"I113T,N524D",-0.19508024
"G60D,S261G",-0.19508605
"V184G,G345S",-0.19529255
"V5A,F274L",-0.19571054
"A479V,K534R",-0.19580054
"A66T,V264A",-0.19580147
"S320F,K336R",-0.19611986
"V184E,P416T",-0.19623335
"R263G,K363E",-0.19635782
"S261G,E451G",-0.19646014
"S116P,T289S",-0.1964944
"P462R,I532M",-0.19665961
"P462R,D477G",-0.19673648
"F104L,V223E",-0.1969009
"N8S,W428R",-0.19694975
"K147I,I408V",-0.19725212
"R25G,I270L",-0.19738522
"T2I,G427C",-0.19757162
"V460A,S531A",-0.19790049
"I270L,K484R",-0.19790076
"L278F,K287E",-0.19813472
"F48I,I523V",-0.19823696
"I138T,S514T",-0.1982589
"I41F,H430Q",-0.1982603
"T529P,P536L",-0.19831572
"V139I,Q225R",-0.19834994
"N255D,N503S",-0.1983786
"T71I,E364G",-0.19866131
"Y40N,V294E",-0.19866939
"Q10L,K484R",-0.19872335
"H216L,F458S",-0.19873787
"A77T,V223E",-0.19877177
"D441G,T529A",-0.19885984
"F42I,E189G",-0.1989904
"L278F,M382V",-0.19902498
"Q15L,R143C",-0.1991041
"A66T,R143C",-0.19915175
"E364G,F528S",-0.19919473
"A372P,D424G",-0.19965942
"V184G,E442K",-0.19982684
"N56D,I437V",-0.19995707
"E451G,S499T",-0.19997887
"R25G,I138T",-0.20003259
"H430Q,M483I",-0.20007628
"L35P,L553F",-0.20027259
"K85E,T289S",-0.20032841
"L137P,S370T",-0.20046
"D164G,E189G",-0.20047945
"D426G,H472R",-0.20051903
"E47K,E451G",-0.20083377
"N18K,Q282L",-0.20084421
"E180K,N406D",-0.20113732
"L105P,V264A",-0.20114912
"Q282L,F337L",-0.20121674
"S116P,P394L",-0.20123875
"K336R,R404S",-0.20125222
"P416T,V496G",-0.20127858
"P32L,K85E",-0.20132798
"S116Y,P473L",-0.20137681
"N18I,I45G",-0.20137699
"F48Y,Q225R",-0.20139706
"G374C,I408V",-0.20147216
"P123L,L278F",-0.20150955
"Q15L,N56D",-0.20172025
"V197E,V377M",-0.20185885
"V354M,V446A",-0.20190296
"L75P,Q282L",-0.20198092
"I41F,G60D",-0.20215136
"T71I,K397N",-0.20223403
"I41T,S108T",-0.20238604
"T2I,R263G",-0.20241824
"Q225R,T289S",-0.2024765
"L246S,V496A",-0.202486
"E189G,A494V",-0.20249993
"I242A,I270L",-0.20258816
"Q511E,N555D",-0.20292042
"S116Y,V497E",-0.20301434
"K149E,F274I",-0.20314144
"K147I,L280S",-0.20341866
"Q129L,L137P",-0.2035248
"E275K,W428R",-0.2036102
"N18I,R546G",-0.20375288
"L278F,E451G",-0.20376259
"K149E,T422M",-0.20378818
"V290G,D544G",-0.20391828
"S24T,T422S",-0.20403202
"F22L,S502C",-0.20405814
"F337L,S370T",-0.20440447
"D487G,N524D",-0.2045131
"L137P,V496G",-0.20451315
"F274Y,Y455N",-0.20456907
"K336E,L468F",-0.20458147
"R25G,E464V",-0.20466886
"N18I,F201Y",-0.20467927
"I138T,I242A",-0.20470253
"V20I,C286Y",-0.20475733
"V368A,V497E",-0.2049554
"S116P,N237D",-0.20496775
"D12G,V513A",-0.20516634
"L79P,T115A",-0.20537744
"S116Y,N237D",-0.20545739
"L105P,D441N",-0.20557095
"T115S,K309Q",-0.20558506
"N56D,S531Y",-0.20563886
"E330V,V513A",-0.20575188
"S202T,K534R",-0.20593856
"K383N,L413H",-0.20597567
"R25G,G411S",-0.20628384
"Q141L,R546G",-0.20636733
"P200S,N555D",-0.20640418
"T2I,K543S",-0.20650244
"N18I,K425E",-0.20653532
"Y30H,T529A",-0.20654964
"S370T,E400G",-0.20658506
"T2I,L278F",-0.20662323
"G111A,P193L",-0.20673768
"V184E,E464V",-0.20689131
"L278F,T529P",-0.20690663
"G427C,T431A",-0.20704873
"S116Y,S537L",-0.20733625
"N44D,F249L",-0.20733936
"P188T,V493A",-0.20737544
"V354M,N406D",-0.20739263
"F444S,S502C",-0.20745957
"F274L,V497E",-0.20758426
"H472R,I504T",-0.2076896
"N33D,Y40N",-0.20769137
"V245G,K397N",-0.207891
"S203Y,S514T",-0.20794854
"V5A,V159I",-0.20798019
"Q13R,N555D",-0.20803842
"F337L,K543M",-0.20850876
"S261G,M409L",-0.20857327
"V496A,A550E",-0.20869976
"E189G,P200S",-0.20875818
"P394L,D424N",-0.20882757
"S502C,F528I",-0.20884138
"P188T,V513A",-0.20890422
"L35P,V496G",-0.20907812
"A356L,M409L",-0.20908552
"S142P,V264A",-0.20914826
"S116P,V526A",-0.20914963
"G374C,L413H",-0.20926312
"G60D,K85E",-0.20965281
"G60D,Q225R",-0.20970742
"V145A,A482T",-0.2097598
"I41T,F42I",-0.20990378
"V294E,I445F",-0.20995297
"V20I,E330V",-0.21002433
"G60D,I166N",-0.21023604
"V294E,F512S",-0.21037602
"E451G,K510M",-0.21038684
"L246S,K484R",-0.21040097
"F201Y,S261G",-0.2104296
"P32L,L278F",-0.21047351
"A420V,V493A",-0.21048033
"A77T,V264A",-0.21050751
"L54S,E486G",-0.21057677
"H87R,L280S",-0.21063028
"V197E,M409L",-0.21076804
"V264A,F512Y",-0.21080144
"P200S,V460A",-0.21081756
"K131E,F201Y",-0.21107334
"D12G,V460A",-0.2111339
"T140A,I523V",-0.21120541
"D487G,T529A",-0.21122535
"N18I,T431A",-0.21143949
"V446A,A482T",-0.21145006
"S203Y,Q282L",-0.2116286
"R263G,E381V",-0.21172857
"L278F,S505T",-0.21193162
"W428R,S531A",-0.21196486
"V377M,M409L",-0.2121926
"Y235C,A482T",-0.21232702
"S24T,S514T",-0.21234411
"E381V,L443P",-0.21258917
"K410R,L545I",-0.2128153
"S116P,A372P",-0.21286057
"N81D,V526M",-0.21288101
"I158L,M271I",-0.21316658
"S116Y,V526A",-0.21326035
"I268T,K363R",-0.213308
"K131E,D424G",-0.21342032
"Y235C,I532T",-0.21357389
"E330V,N551D",-0.21358605
"V100I,I113T",-0.2136558
"N379D,G435R",-0.21381447
"V7D,N81Y",-0.21382122
"V496A,M554T",-0.21383068
"N33I,I523V",-0.21386436
"L443P,P492S",-0.21422216
"N153S,H216R",-0.21442518
"I41F,R546G",-0.21452938
"S202T,H216L",-0.21453229
"N8S,N551D",-0.21459869
"F104L,V264A",-0.21465608
"V20I,D164G",-0.2148372
"F48L,K543M",-0.21484065
"K131E,E451G",-0.214854
"N255S,N551D",-0.21492803
"V100A,S531Y",-0.21493113
"Q10L,V145A",-0.21499757
"I268T,P462R",-0.21520911
"N8S,V184E",-0.21531516
"N33I,M483I",-0.21538836
"D487G,N551D",-0.21552117
"I158L,V294E",-0.21555181
"Q225R,L443P",-0.21562383
"V5A,Q141L",-0.21564488
"N18I,K510M",-0.2158031
"K149E,V197E",-0.21582578
"M483R,L545I",-0.21583733
"I270L,D441N",-0.2158978
"I301T,V446A",-0.2159713
"M382V,K543S",-0.2160046
"V223E,L443P",-0.21600832
"V197E,S499T",-0.21602105
"F274L,S499T",-0.21608566
"K510E,R546G",-0.2160964
"V377M,G427C",-0.21639359
"N18I,A356L",-0.2167143
"T115A,S202T",-0.2167754
"A494V,N551D",-0.21682863
"K336E,F528I",-0.2168918
"N81D,P188T",-0.21691452
"S116P,T431A",-0.2170478
"G265D,L443P",-0.21711628
"A112E,V526M",-0.21724992
"C286Y,N524D",-0.21745758
"H216L,N379D",-0.21746421
"Q282L,K525E",-0.21753089
"L79P,K410R",-0.21760696
"V480A,M554T",-0.21762154
"G411S,S502C",-0.21778837
"L137P,K543S",-0.21780229
"Q282L,L417W",-0.21784142
"S116P,S537L",-0.21786001
"Q15L,K484R",-0.2178626
"A300V,K383R",-0.2179351
"N56D,L246S",-0.21796022
"Q10L,V446A",-0.21816531
"A372P,P492S",-0.21836384
"S502C,K515E",-0.21845686
"K131E,V526A",-0.21847175
"V223E,R263G",-0.21871264
"N33D,N414D",-0.21889174
"E47K,T431A",-0.21890832
"G111A,K131E",-0.21901421
"I138T,K515R",-0.2190541
"V197E,D424G",-0.21927117
"N44D,V159I",-0.21932235
"T2I,K131E",-0.21947408
"K484R,A550E",-0.21961144
"Q129L,S505T",-0.21961291
"V5A,P492S",-0.22015081
"I41T,K525E",-0.22015713
"Q225R,H430Q",-0.22021505
"I6R,N555D",-0.22024463
"I158L,K397N",-0.22038622
"N44D,A112P",-0.22042517
"Q13R,M483R",-0.22050539
"L93I,K397N",-0.22071101
"L393S,K534R",-0.22076371
"E381V,P536L",-0.22081004
"P416T,S502C",-0.22090228
"I276V,Y455H",-0.2209277
"M271I,D487G",-0.2211026
"K309Q,P416T",-0.22111596
"S116Y,E451G",-0.2213397
"T2I,S261G",-0.22134139
"N44D,S537L",-0.22139904
"V5A,F274I",-0.22171392
"V139I,K363E",-0.22174554
"K287E,T422S",-0.22195546
"G111A,S116Y",-0.22205932
"N44D,E125V",-0.22209305
"S116Y,M409L",-0.22215864
"H87R,I158L",-0.22216964
"N8S,V446A",-0.22229043
"M317K,V493A",-0.22244257
"F48L,S370T",-0.2225027
"L75P,K309Q",-0.22251457
"F249Y,W428R",-0.22258706
"Q225R,F337L",-0.22263247
"N18K,K515R",-0.2226944
"S142P,S502C",-0.22284403
"G265D,K425E",-0.22284934
"V493A,K539E",-0.22285563
"Q152K,N555D",-0.22290733
"D424N,K425E",-0.22291541
"A420V,K510R",-0.22292614
"S261G,A372P",-0.22303215
"P193L,A372P",-0.22339348
"V197E,I523V",-0.22339685
"H87R,V245G",-0.22341727
"I276V,G435R",-0.22347443
"H216R,E275K",-0.22355416
"E47K,G111A",-0.22355911
"L75P,V513A",-0.22356987
"A112P,P492S",-0.22358017
"A66T,K515R",-0.22358333
"N56D,A77T",-0.22362007
"Q225R,P473L",-0.22368348
"N18S,T422S",-0.22380148
"F42I,M271I",-0.22396454
"I166T,V460A",-0.22400798
"I166N,V184E",-0.22402349
"N118D,N555D",-0.22422802
"N56D,L199P",-0.22449452
"Y235C,N503K",-0.22461107
"Q141L,T267S",-0.22483228
"P394L,K515R",-0.22485195
"M317K,V460A",-0.22491388
"N56D,K525E",-0.22491498
"P123L,K515R",-0.22506708
"Y30H,Y455H",-0.22512175
"A420V,G435R",-0.22523022
"I6R,E189G",-0.2252895
"F109K,Y455H",-0.22532997
"I187T,E486G",-0.22533624
"I113T,V294E",-0.22550097
"E381V,T431A",-0.22560517
"G111A,L278F",-0.22567672
"N18I,K543S",-0.22571811
"L278F,R546G",-0.22580634
"S222G,D440G",-0.22589272
"I29V,E486G",-0.22590753
"V368E,C402F",-0.22605923
"L35P,V496A",-0.22607459
"L93P,K410R",-0.22615607
"H87R,F458S",-0.2262195
"C286Y,N551D",-0.22622393
"G111A,S116P",-0.22629839
"S222G,R404S",-0.2263378
"G360R,S514T",-0.22636777
"C402F,N551D",-0.22639157
"F249L,S499T",-0.22641246
"A112P,G265D",-0.22673988
"E47K,E125V",-0.22689165
"S116Y,T529P",-0.2269381
"S202T,G435R",-0.22697274
"V264A,P394L",-0.22701177
"V526M,N555D",-0.22737515
"L417W,S514T",-0.22738077
"V145A,P416T",-0.22740272
"M271I,I540T",-0.22740273
"P193L,P492S",-0.22750282
"G427C,E451G",-0.22752458
"T140S,K515R",-0.22756264
"I41T,K515E",-0.22760999
"V368A,D424G",-0.22782028
"T267S,A356L",-0.2278951
"L54S,G374C",-0.22790106
"H216L,D438N",-0.22794914
"N255D,F458S",-0.22803494
"T267S,K543S",-0.22818214
"Q141L,Q511R",-0.22825259
"Y235C,S537P",-0.22828484
"D477G,N555D",-0.22845328
"T267S,S499T",-0.22850512
"A356L,P536L",-0.22855815
"N33D,L280S",-0.2286092
"F22L,N555D",-0.2286422
"A372P,S499T",-0.22870407
"L246S,S502C",-0.22870557
"G265D,F274L",-0.22874235
"M271I,D441G",-0.22886476
"E47K,S537L",-0.22892597
"V197E,S261G",-0.22893485
"N8S,V145A",-0.2290982
"S24T,V100A",-0.22911175
"E400G,V496G",-0.22911572
"N18S,G427C",-0.22924422
"K131E,V377M",-0.22925632
"V100I,V526M",-0.22926179
"Y30H,E364G",-0.22929206
"P32L,D424N",-0.22945487
"S108T,T422S",-0.22981344
"K510E,S537L",-0.22983569
"Q282L,E400G",-0.22989146
"K147I,A479V",-0.22996108
"K147I,V245G",-0.2299926
"T267S,L278F",-0.23000734
"V159I,K510M",-0.23002341
"S108P,N406D",-0.23004435
"N8S,S514T",-0.23012814
"K363E,M409L",-0.23018481
"R25G,K525E",-0.23024023
"V5A,L278F",-0.23041224
"K147I,I158L",-0.23043197
"V100I,N255S",-0.23066871
"F48I,Q225R",-0.2307593
"A479G,L553F",-0.23078169
"K309Q,K525E",-0.23097207
"F201Y,G427C",-0.2309815
"T422M,P492S",-0.23104799
"V294E,F528S",-0.23106787
"C402F,K543E",-0.23110336
"M409L,K510M",-0.23115772
"K363R,A482T",-0.23119615
"A77T,V496G",-0.23124
"E364G,I445F",-0.23125373
"E47K,V497E",-0.23130675
"A66T,S502C",-0.23137327
"L75P,V493A",-0.2313854
"I41F,E451G",-0.23145314
"E275K,K336E",-0.23165143
"A482T,N555D",-0.23167433
"M271I,A420V",-0.2317084
"A66T,D441N",-0.23179813
"N33I,G427C",-0.23195124
"N414D,K534R",-0.23200731
"S202T,V294E",-0.23205407
"D424N,P473L",-0.23214331
"K309Q,K515E",-0.23217948
"V197E,F249L",-0.23218785
"M271I,N379D",-0.23229407
"K85E,L443P",-0.23240693
"F249L,G265D",-0.23243475
"S24T,I242A",-0.23256063
"F249Y,V513A",-0.23268269
"P188T,W428R",-0.23268619
"F249L,P492S",-0.23290938
"P188T,E189G",-0.23330565
"N44D,G111A",-0.23333544
"G111A,K510M",-0.23333587
"I113V,K336R",-0.2334064
"N44D,P193L",-0.23348211
"L443P,K543M",-0.23354311
"T422S,L443P",-0.23369572
"P32L,V223E",-0.23373376
"N18K,N406D",-0.23375744
"V223E,T289S",-0.23385099
"N44D,S505T",-0.2338679
"E330V,K410R",-0.23391753
"Q225R,E451G",-0.23399222
"E381V,V526A",-0.23404095
"S261G,T422M",-0.23411912
"E180K,Y235C",-0.23422062
"K336R,D544G",-0.23426215
"I138T,K484R",-0.23436698
"W428R,F444S",-0.23449372
"A112P,S499T",-0.2345431
"E125V,K131E",-0.23480067
"G60D,V223E",-0.23484112
"Q225R,R546G",-0.23512565
"N33I,Q129L",-0.2351428
"R143C,E400G",-0.2352426
"L280S,A488T",-0.23532969
"K397N,D441G",-0.23534544
"L93P,K397N",-0.23563612
"K425E,M483I",-0.23598257
"R143C,K287E",-0.23604174
"N33D,I113T",-0.23606865
"K147I,I540T",-0.23629956
"V139I,D424N",-0.23635116
"V159I,M483I",-0.23635484
"A479G,K515R",-0.23636612
"I270L,K336E",-0.23661138
"I276V,A488T",-0.23662828
"V377M,D424N",-0.23689659
"N81D,S531A",-0.23693225
"D477G,T529A",-0.23697875
"V223E,N237D",-0.23702015
"A372P,K510M",-0.23707934
"D424N,I523V",-0.23717807
"V496A,F512Y",-0.23722233
"L54S,K336R",-0.23739135
"Q282L,F512Y",-0.2373942
"E364G,D487G",-0.23767355
"G60D,V264A",-0.23777941
"E47K,Q511R",-0.23780698
"L393S,K410R",-0.23795986
"L199P,Y235C",-0.23796661
"F274Y,S370T",-0.23808466
"Q10L,V513A",-0.23808941
"L246S,Q282L",-0.2380983
"A77T,K515R",-0.23815505
"F48S,P462R",-0.23826566
"T114P,N555D",-0.23854299
"I113V,S222G",-0.23860908
"Q15L,V446A",-0.23876873
"Q141L,I523V",-0.2387704
"S116P,V159I",-0.23879898
"F104L,N406D",-0.23888844
"N33I,S261G",-0.23901463
"I301T,K336E",-0.23910496
"F201Y,P492S",-0.23928516
"V223E,T431A",-0.23929302
"V294E,F458S",-0.23937666
"V159I,S261G",-0.23940586
"T140A,P492S",-0.23956865
"L553F,M554T",-0.23957916
"F444S,N555D",-0.23968847
"K131E,S261G",-0.23978592
"V5A,N33I",-0.23983076
"E125K,K484R",-0.23993713
"Y455H,L545I",-0.23996496
"P123L,V496G",-0.24002089
"D12G,V368E",-0.24002576
"D438N,N551D",-0.2401088
"V197E,T422M",-0.24012776
"E189G,K539E",-0.2402094
"V223E,V377M",-0.24028844
"E275D,D426G",-0.24036483
"V100I,L468F",-0.24045663
"T114P,P462R",-0.2405382
"S142P,L553F",-0.24057981
"F22L,I242A",-0.2406022
"F48I,V368A",-0.24062148
"P536L,K543M",-0.24075358
"Q141L,K149E",-0.24078718
"I138T,K309Q",-0.24081519
"K410R,A494V",-0.24090543
"K131E,V159I",-0.24093176
"I138T,W428R",-0.24098599
"K85E,K149E",-0.24099284
"Q282L,A479G",-0.241175
"T114P,V493A",-0.24120076
"I6T,W428R",-0.24122292
"G360R,N555D",-0.24137825
"P193S,N524D",-0.24138817
"L199P,Q282L",-0.24139827
"F274I,M483I",-0.24159387
"S222G,G345S",-0.24168044
"P193L,S261G",-0.24168684
"Q225R,K425E",-0.24173298
"L278F,A372P",-0.24184078
"F42I,S514T",-0.24196228
"A372P,M483I",-0.2420062
"V159I,S499T",-0.24206123
"L199P,V446A",-0.242095
"F249L,G427C",-0.24214363
"Q3R,S502C",-0.24219984
"V354M,K363R",-0.24220124
"F458S,A488T",-0.24261625
"G60D,S370T",-0.24262142
"I166N,A372P",-0.24275939
"D441N,L443P",-0.24316289
"V264A,V497E",-0.24317527
"I242A,L417W",-0.24318412
"V368A,Y455N",-0.24319707
"I6R,N524D",-0.24343278
"I242A,G360R",-0.24377936
"E364G,I532M",-0.2438488
"N33D,L93I",-0.24420442
"E364G,L545I",-0.24430896
"K128N,A479V",-0.24434274
"V184E,V497E",-0.24441503
"K128N,D487G",-0.24443817
"P32L,Q282L",-0.2444538
"Q15L,S514T",-0.24466011
"I268T,N524D",-0.24473812
"Y30H,A488T",-0.24480884
"S24T,V145A",-0.24498428
"F42Y,V100I",-0.24517027
"D12G,V20I",-0.24523911
"K149E,K510M",-0.24529736
"N153S,V493A",-0.2456873
"F48S,I242A",-0.24571925
"Q10L,K336E",-0.24576421
"Q13R,K534R",-0.24577498
"E189G,V354M",-0.2458574
"E125V,G427C",-0.24586721
"M317K,P462R",-0.2459627
"G265D,I523V",-0.24597156
"N255D,L280S",-0.2460347
"N118D,I242A",-0.24616536
"K85E,I523V",-0.24617301
"Q225R,T529P",-0.24619699
"E47K,F201Y",-0.24631564
"Y30H,N255D",-0.24636781
"V7D,D240G",-0.24637304
"S202T,E364G",-0.24637955
"V20I,E275K",-0.2464406
"F274Y,P492S",-0.24645884
"I41F,K149E",-0.24679914
"V294E,N503S",-0.24700919
"E43D,D185V",-0.24705549
"N81D,V354M",-0.24706498
"L393S,M483R",-0.24710804
"V7D,L82H",-0.24716403
"Q3R,K484R",-0.24727166
"C402F,T529A",-0.24729028
"G435R,D438N",-0.24731451
"S261G,V368A",-0.24757351
"E189G,A482T",-0.24759245
"G360R,V460A",-0.24767284
"E47K,K149E",-0.24772261
"N33D,A494V",-0.24779727
"E180K,N555D",-0.24792902
"K85E,F201Y",-0.24794072
"Q141L,T422M",-0.24796638
"L417W,V446A",-0.24806386
"A356L,T431A",-0.24827969
"Y30H,H87R",-0.24830553
"V264A,T431A",-0.24853025
"S370T,V526A",-0.24859226
"G427C,S499T",-0.24867545
"I113T,K128N",-0.24871995
"T529A,I532M",-0.24882317
"Q152K,M483R",-0.24890825
"R143C,S505T",-0.24901828
"D240G,E275D",-0.24908647
"V139I,Q282L",-0.24931324
"H216L,C402F",-0.24942239
"V197E,G427C",-0.24943484
"A479G,V480A",-0.2494601
"V290G,L413H",-0.24948032
"T422S,P536L",-0.24954192
"A112E,I270L",-0.24971607
"H87R,S202T",-0.24981672
"G60D,D424N",-0.25001416
"V480A,V526A",-0.2502868
"E180K,V513A",-0.25039598
"N44D,V497E",-0.25041145
"K149E,G265D",-0.25041345
"N33D,E330V",-0.250556
"K149E,E381V",-0.25071654
"K85E,T529P",-0.25080454
"L246S,N406D",-0.25092638
"K336E,G411S",-0.250928
"I41F,L278F",-0.25098875
"F512Y,S514T",-0.2509961
"D487G,A488T",-0.25115445
"L75P,K363R",-0.25120205
"V145A,S203Y",-0.25124365
"R25G,L137P",-0.25125274
"V139I,S370T",-0.25140598
"G60D,K515R",-0.25149095
"L105P,K484R",-0.2515799
"I166V,M483R",-0.25172094
"N56D,M382V",-0.2517526
"G411S,W428R",-0.25175607
"R25G,L35P",-0.2517885
"E381V,D424G",-0.25181496
"H216R,I301V",-0.25185612
"S531A,N555D",-0.25199443
"N18I,S505T",-0.2520086
"I41F,A112P",-0.2521568
"T114P,V368E",-0.25217322
"N18I,G427C",-0.25218064
"E381V,V497E",-0.2522091
"K85E,G111A",-0.2523027
"S261G,L278F",-0.2523211
"Q129L,P193L",-0.25232917
"A112E,I301T",-0.25247493
"E180K,V460A",-0.25252935
"Q225R,A372P",-0.25253278
"Q129L,F274Y",-0.25261977
"L199P,V513A",-0.2526262
"M409L,K543M",-0.25267154
"R25G,E400G",-0.2527278
"W428R,I437V",-0.252854
"I166N,V223E",-0.25292483
"A66T,N406D",-0.25294352
"Q129L,F274I",-0.25296527
"I41T,P394L",-0.25312328
"K147I,E330V",-0.25320634
"I138T,N406D",-0.2532453
"V368E,V526M",-0.2534377
"Q225R,P536L",-0.25353694
"V5A,K363E",-0.25353786
"P123L,L553F",-0.25355485
"Y235C,L246S",-0.25364688
"F109R,V290G",-0.253665
"Q13R,V294E",-0.2536833
"T115A,L393S",-0.25381842
"A112E,I437V",-0.25384805
"K397N,I532M",-0.2539
"N56D,L105P",-0.2540329
"V294E,A479V",-0.2541002
"Q129L,L443P",-0.25415963
"E464V,N555D",-0.25418657
"S108P,I242A",-0.25419044
"L545I,N551D",-0.25420743
"V100A,E125K",-0.25422874
"S202T,N255D",-0.25446764
"E180K,K336E",-0.25452822
"S502C,S505T",-0.2545685
"T115A,Q152K",-0.25475222
"N118D,H216R",-0.25480238
"F249Y,P462R",-0.2548204
"Y455H,I532M",-0.25497317
"T2I,N56D",-0.25527683
"V184G,R548S",-0.255318
"G111A,M483I",-0.25539318
"N237D,N406D",-0.25543374
"R143C,H430Q",-0.255652
"Q3R,N56D",-0.25568086
"P200S,M483R",-0.25571707
"M271I,A494V",-0.25571772
"L79P,H87R",-0.25579357
"L105P,Q282L",-0.2558324
"N44D,G265D",-0.25587422
"N33I,V197E",-0.25591594
"V354M,P462R",-0.25594094
"I45G,N56D",-0.25600982
"T2I,I41F",-0.25603563
"H87R,D487G",-0.25610462
"I113T,N255D",-0.25612304
"V100A,F104L",-0.2561305
"Y235C,I437V",-0.25625202
"N237D,K484R",-0.2563108
"T115A,N414D",-0.25632903
"G360R,V493A",-0.256455
"N33I,K85E",-0.25645834
"G374C,F512S",-0.25646782
"L35P,K484R",-0.256667
"N81D,F104L",-0.2568194
"V139I,R143C",-0.2568914
"E180K,P462R",-0.25689688
"E189G,F444S",-0.25692272
"A356L,T422M",-0.25698844
"S24T,K309Q",-0.2570446
"T114P,M483R",-0.2571884
"I113T,A488T",-0.25724024
"W428R,E464V",-0.2572707
"P462R,N503K",-0.25728777
"L443P,L553F",-0.2572988
"E47K,P492S",-0.25745356
"I242A,E464V",-0.25747183
"D440G,G538R",-0.2574973
"L393S,K543E",-0.257706
"T2I,V223E",-0.25770864
"K309Q,A479G",-0.25774878
"N33D,C402F",-0.25775912
"K85E,F274L",-0.25780156
"H216R,I301T",-0.25780463
"R25G,L105P",-0.25797942
"S133P,E486G",-0.25814867
"F274Y,E381V",-0.2582035
"I270L,V460A",-0.25836015
"S261G,G427C",-0.25842714
"S108P,V513A",-0.2584372
"N18S,K363E",-0.2585943
"A356L,Y455N",-0.25870618
"L79P,E364G",-0.25878406
"P492S,S499T",-0.2591402
"L54S,E275D",-0.25919244
"K287E,V480A",-0.2592217
"V446A,M554T",-0.25931272
"V20I,M317K",-0.25936314
"N406D,K525E",-0.25947183
"R25G,A479G",-0.25948963
"M271I,C286Y",-0.2595263
"A112E,L199P",-0.25974247
"D424N,Q511R",-0.25988805
"Q3R,I242A",-0.25993875
"T431A,K543S",-0.260288
"L35P,Q282L",-0.2604767
"V245G,K383N",-0.26052564
"K149E,M483I",-0.26055843
"I29V,H472R",-0.2608152
"H87R,D441G",-0.26084635
"G111A,T422S",-0.26110363
"T289S,K309Q",-0.2612071
"Q13R,G435R",-0.26122272
"L79P,K383N",-0.26124826
"K131E,P492S",-0.26130444
"F42Y,M483R",-0.26132014
"F48Y,D441N",-0.26143867
"D424G,K543M",-0.26144183
"K309Q,M382V",-0.2614888
"R263G,V496G",-0.26151168
"V493A,N503K",-0.26157114
"E364G,L393S",-0.2615915
"N153S,M271I",-0.26163512
"S116Y,G427C",-0.26172286
"Q13R,Y455H",-0.2617429
"K397N,C402F",-0.2617459
"R143C,F337L",-0.2617841
"F444S,V493A",-0.26181704
"N33D,F42I",-0.26202348
"K149E,L278F",-0.26207036
"P193S,M271I",-0.26217166
"K147I,A494V",-0.26251373
"I41T,L246S",-0.26254535
"S203Y,N406D",-0.26270008
"P32L,K309Q",-0.26272613
"F22L,V460A",-0.26277462
"V5A,E381V",-0.2631706
"S133P,V290G",-0.26331854
"I138T,K336E",-0.2633975
"K363E,A372P",-0.26342082
"L105P,K309Q",-0.26342317
"N44D,E381V",-0.26342365
"V100A,P394L",-0.2634337
"T289S,L553F",-0.26354635
"V513A,S531Y",-0.26359683
"F42I,M483R",-0.26369938
"I270L,N555D",-0.26378912
"T114P,E189G",-0.26396763
"Q225R,T422M",-0.26398784
"K363E,V377M",-0.2639949
"G60D,R143C",-0.2640902
"A112E,G411S",-0.26412582
"T529P,K543M",-0.26416838
"W428R,S531Y",-0.26422855
"Q129L,D424G",-0.26443863
"N18I,Q129L",-0.2644898
"L393S,N524D",-0.26463827
"I242A,K515E",-0.2646456
"H430Q,L553F",-0.26465017
"G435R,D441G",-0.26465043
"V145A,F528L",-0.26497835
"V264A,K425E",-0.26526013
"K85E,S499T",-0.26545635
"V223E,D424G",-0.26558545
"K287E,K515R",-0.26572296
"R143C,P473L",-0.26587492
"V159I,V264A",-0.26591176
"G60D,V496G",-0.26591545
"I6R,V294E",-0.26602602
"T114P,K534R",-0.2660597
"N524D,F528I",-0.26609686
"T267S,D424N",-0.26610735
"Q13R,K397N",-0.26617762
"L443P,V496G",-0.26618373
"G111A,S370T",-0.26622027
"E47K,E381V",-0.266809
"P473L,K484R",-0.26687062
"E47K,G265D",-0.26688045
"N81D,F337L",-0.26703334
"I437V,V513A",-0.26710546
"Q225R,F274Y",-0.26729172
"A77T,N406D",-0.26734883
"N8S,K147I",-0.26738185
"P200S,K510R",-0.26760143
"A77T,V100A",-0.26763272
"Q225R,I523V",-0.26771873
"L54S,G538R",-0.26775
"A488T,I532M",-0.26798746
"T115S,V446A",-0.26810616
"A420V,A488T",-0.26818624
"V446A,K525E",-0.2682051
"K383N,N503S",-0.26831535
"N118D,E189G",-0.26841867
"L75P,P462R",-0.2687531
"L278F,P492S",-0.26875797
"V139I,K309Q",-0.26883042
"I41T,I166N",-0.26948386
"H430Q,S502C",-0.26965946
"V197E,V223E",-0.26968735
"V5A,A356L",-0.2702073
"N44D,E47K",-0.27024055
"N237D,V480A",-0.27027455
"K128N,C286Y",-0.27037784
"S108P,V493A",-0.27060843
"H87R,N379D",-0.27070242
"F201Y,V223E",-0.27085072
"E47K,S261G",-0.27090165
"Q13R,M271I",-0.27100098
"K543S,R546G",-0.2710355
"K149E,V223E",-0.27114448
"F274L,S370T",-0.27122653
"Q282L,H430Q",-0.27161294
"S133P,K336R",-0.27167135
"I408V,H472R",-0.27176553
"T289S,D441N",-0.271774
"S142P,S514T",-0.2718495
"Q141L,G265D",-0.27206278
"I268T,V294E",-0.27217448
"Q141L,P492S",-0.27242744
"V20I,F249Y",-0.27247056
"N153S,E364G",-0.27249697
"K85E,T140A",-0.2725656
"T140A,G265D",-0.27263537
"I45G,K309Q",-0.27278048
"R25G,M382V",-0.27298477
"N237D,D424N",-0.27317223
"V497E,K543M",-0.27329975
"T115A,S531A",-0.2734003
"I29V,E275D",-0.27383584
"V493A,S531Y",-0.27403226
"P32L,L553F",-0.2740464
"E47K,V197E",-0.27405536
"P394L,S514T",-0.27412894
"T115S,K363R",-0.27416354
"P473L,V480A",-0.27425402
"S222G,L413H",-0.2742944
"T114P,G435R",-0.27445638
"S24T,V493A",-0.2745793
"Q141L,G427C",-0.2746019
"Q3R,K309Q",-0.2746322
"A112E,I138T",-0.2746506
"G360R,K534R",-0.27473688
"V460A,S531Y",-0.27477023
"F22L,P462R",-0.2748959
"T140S,N406D",-0.27501896
"L280S,G374C",-0.27519992
"I41T,L105P",-0.27541777
"A488T,Q511E",-0.27547488
"I166V,K397N",-0.27560613
"I41F,G427C",-0.27564624
"P188T,K543E",-0.27577186
"Y40N,H472R",-0.27622297
"K410R,L468F",-0.27623647
"L417W,W428R",-0.276255
"K85E,S261G",-0.2763412
"N44D,Q141L",-0.27652207
"A66T,V145A",-0.27702376
"I268T,T529A",-0.2770248
"K363R,A550E",-0.27720574
"E275D,L413H",-0.27730557
"L199P,W428R",-0.27737686
"N56D,M409L",-0.27739906
"V264A,D424G",-0.27754787
"N44D,S499T",-0.2775602
"P200S,M271I",-0.27776077
"N33D,I268T",-0.2777987
"S142P,K484R",-0.2778624
"V197E,D424N",-0.2779137
"F337L,D424N",-0.2779696
"T114P,T115A",-0.27797738
"E275D,D440G",-0.27798274
"T422S,V497E",-0.27798498
"V184E,I523V",-0.2780703
"V5A,N18I",-0.278209
"V7D,I29V",-0.27840468
"T115S,S514T",-0.27847376
"G265D,A356L",-0.27856243
"E47K,G427C",-0.27877095
"T431A,V480A",-0.2789386
"V197E,S370T",-0.27895027
"F337L,K484R",-0.27895796
"F22L,V493A",-0.27896035
"L278F,G427C",-0.27911642
"I242A,A550E",-0.27912676
"F104L,K336E",-0.27912912
"E43D,D154E",-0.27918604
"L35P,K309Q",-0.27927652
"V496G,V497E",-0.27939066
"M483R,V526M",-0.27939612
"E189G,M317K",-0.2795322
"E330V,K397N",-0.27982113
"L278F,F528L",-0.27987775
"V264A,T529P",-0.27999303
"P462R,S537P",-0.28037095
"Q129L,P492S",-0.28038126
"D12G,K534R",-0.28048894
"R25G,P32L",-0.28049976
"F42Y,V294E",-0.28052825
"S203Y,V513A",-0.2807906
"N406D,M554T",-0.28095064
"F48S,K410R",-0.28102884
"N33I,K515R",-0.2810479
"N33D,F42Y",-0.28117836
"A66T,I242A",-0.28120038
"V20I,S531A",-0.28142294
"T140A,V184E",-0.28147203
"V223E,S261G",-0.28161883
"V5A,D441N",-0.2816955
"A356L,P492S",-0.2817406
"V354M,V368E",-0.28182405
"K287E,K484R",-0.2818451
"L417W,V493A",-0.2819219
"Q129L,K131E",-0.28194618
"V100A,K287E",-0.2821193
"Y235C,F528L",-0.28229922
"V100I,S531A",-0.2823114
"K131E,G265D",-0.28232813
"A482T,N524D",-0.2828003
"K397N,A494V",-0.28291485
"N255D,C286Y",-0.28292376
"F201Y,K543M",-0.28309652
"E381V,K543M",-0.28310743
"T2I,V264A",-0.28311142
"I268T,K410R",-0.283272
"R143C,S537L",-0.28346846
"E364G,A494V",-0.28364643
"T2I,D424N",-0.28380048
"V368A,G427C",-0.28380492
"H472R,I540T",-0.28381315
"F337L,V480A",-0.28381947
"Q511R,K543S",-0.28392914
"N255D,A494V",-0.28396568
"A66T,N81D",-0.2841065
"S24T,A112E",-0.28411335
"F458S,E486G",-0.28430256
"I41F,P492S",-0.28439176
"V264A,P536L",-0.28468147
"M317K,T529A",-0.28495368
"I268T,A488T",-0.28503966
"T422S,D424G",-0.28507218
"H87R,C402F",-0.28508586
"Q225R,S499T",-0.2853092
"L246S,V460A",-0.28554899
"L468F,K510R",-0.285776
"F104L,N555D",-0.2859453
"R25G,R546G",-0.2859731
"V513A,A550E",-0.28602675
"D12G,T529A",-0.28614774
"T115A,K539E",-0.2861493
"L105P,N406D",-0.2862575
"V197E,Q225R",-0.28626245
"V100I,N118D",-0.28634453
"L35P,V145A",-0.2866104
"A112E,T115S",-0.28668955
"P416T,W428R",-0.28669587
"E451G,K515R",-0.28676617
"L199P,V368E",-0.28677213
"P32L,V100A",-0.28683272
"H216R,F528L",-0.2869652
"P193S,G435R",-0.28715205
"V294E,C402F",-0.28716516
"I268T,E364G",-0.28724813
"S261G,K363E",-0.28729075
"L137P,N406D",-0.28730375
"I41F,Q141L",-0.2873085
"E330V,Y455H",-0.28740805
"F109K,V184G",-0.28742662
"I166N,P492S",-0.28743106
"N18I,S499T",-0.28743827
"F104L,I242A",-0.28745666
"A112E,L246S",-0.28745842
"S203Y,V493A",-0.28764895
"S502C,R546G",-0.28779805
"I268T,K510R",-0.2878196
"R25G,P473L",-0.28789422
"D164G,G435R",-0.28794992
"E275K,N524D",-0.2879505
"R143C,V497E",-0.28801337
"V368A,S370T",-0.28801355
"T289S,N406D",-0.2880561
"K147I,F528I",-0.28811377
"L75P,N555D",-0.28825545
"L443P,K515R",-0.28829136
"V497E,S502C",-0.28832474
"I268T,Y455H",-0.2885008
"M382V,N406D",-0.28853732
"V145A,E400G",-0.28854576
"I166T,P462R",-0.2885578
"F104L,Y235C",-0.2887384
"Q282L,S505T",-0.28883368
"N56D,T267S",-0.28886902
"S24T,H216R",-0.28897226
"G265D,V368A",-0.28926176
"V145A,P394L",-0.28948942
"K147I,P200S",-0.2896241
"N8S,K543E",-0.28962803
"N33D,D164G",-0.28999186
"F48S,K147I",-0.2899948
"S370T,A372P",-0.2900622
"G360R,V368E",-0.29009503
"V368E,I437V",-0.29009777
"E381V,S499T",-0.2901295
"P200S,E364G",-0.2901332
"V7D,R548S",-0.29017368
"N255D,E330V",-0.2902214
"C286Y,A488T",-0.2902388
"L75P,T529A",-0.2903061
"L105P,V145A",-0.29030848
"R25G,H430Q",-0.2904799
"R143C,E451G",-0.2905512
"S142P,V145A",-0.29063725
"V7D,L413H",-0.2907846
"K425E,L553F",-0.290919
"K425E,K515R",-0.29095995
"P492S,K543S",-0.2910034
"D477G,N551D",-0.29116234
"C402F,A488T",-0.2912723
"Q10L,E189G",-0.2913594
"I268T,K397N",-0.29138187
"I45G,H216R",-0.29163164
"L246S,W428R",-0.29176146
"E451G,V480A",-0.29182357
"I453F,H472R",-0.29197294
"Q152K,N551D",-0.29208386
"V184E,Q511R",-0.2920911
"S108T,V513A",-0.29222015
"K425E,V496A",-0.29224604
"Q15L,K363R",-0.29232153
"A550E,N555D",-0.2924743
"P193L,Q225R",-0.2925629
"I138T,E189G",-0.29267642
"S514T,R546G",-0.29271686
"R143C,P536L",-0.29287815
"L79P,N255D",-0.29295015
"F337L,W428R",-0.293021
"K131E,L278F",-0.29309848
"E189G,I301T",-0.29312927
"K149E,V264A",-0.29318362
"V264A,A372P",-0.2932387
"R263S,G538R",-0.29325372
"G411S,N551D",-0.29336235
"L93I,G374C",-0.2934759
"E189G,P416T",-0.29350495
"I166V,E364G",-0.29368097
"H87R,E330V",-0.2937794
"V20I,S537P",-0.29384777
"N18K,P462R",-0.29389903
"F48L,S502C",-0.29390752
"A112E,L137P",-0.29401618
"L35P,K336E",-0.29403877
"G111A,V480A",-0.2941082
"Q141L,A356L",-0.29419783
"Q129L,E381V",-0.29422858
"K425E,V480A",-0.2944746
"V354M,K534R",-0.2945941
"I41F,G265D",-0.29459786
"T431A,K515R",-0.2947113
"F444S,K534R",-0.2947567
"E180K,K534R",-0.29490533
"V184E,T267S",-0.2949159
"N18S,R143C",-0.29500195
"V264A,V368A",-0.29517913
"S202T,G374C",-0.2952159
"E189G,I301V",-0.29525557
"I242A,K287E",-0.2954654
"R143C,A372P",-0.29560193
"K336R,F458S",-0.29572415
"V139I,S502C",-0.29590982
"Q141L,L278F",-0.29606733
"L137P,V513A",-0.2960746
"F22L,V100I",-0.29610527
"Y235C,A479G",-0.2962115
"H87R,D477G",-0.29646158
"S142P,V446A",-0.29655468
"R263G,K484R",-0.2965747
"E400G,V446A",-0.29659218
"R143C,K149E",-0.29660013
"Q225R,P492S",-0.29681996
"K410R,K539E",-0.29698327
"N18S,V264A",-0.2970394
"K131E,V184E",-0.29711437
"G265D,L278F",-0.29715633
"F109L,L278F",-0.29734802
"V197E,M483I",-0.29738477
"T71I,E275D",-0.297469
"E381V,M483I",-0.29826608
"I301V,K543E",-0.29844236
"V139I,Y235C",-0.2984628
"E400G,W428R",-0.29849383
"G374C,A420V",-0.2986009
"Q152K,E364G",-0.2986353
"A66T,H216R",-0.29868206
"G111A,V496A",-0.29870716
"D424N,G427C",-0.2989694
"K397N,V526M",-0.29906344
"K131E,V223E",-0.2993523
"K383R,F528S",-0.29942864
"Y235C,E400G",-0.29943115
"V145A,A479G",-0.29943648
"V264A,T422M",-0.29991156
"I166N,S502C",-0.29992306
"K131E,T422S",-0.3002451
"P473L,S502C",-0.30044314
"P394L,N555D",-0.30070734
"F48I,N406D",-0.3007389
"I242A,E400G",-0.30079898
"E330V,A488T",-0.3008973
"Q15P,I242A",-0.30093688
"N81D,S203Y",-0.30098552
"M483R,S537P",-0.30103076
"N18S,V496G",-0.30105886
"Q129L,A356L",-0.30138528
"F274Y,S502C",-0.30140314
"N237D,L553F",-0.3015817
"V294E,L468F",-0.3017839
"V197E,A356L",-0.30187762
"L75P,K534R",-0.30197167
"L468F,N524D",-0.30229887
"N44D,S116P",-0.30238178
"L35P,A112E",-0.3026401
"Q225R,G427C",-0.30265886
"T431A,S502C",-0.30288014
"V480A,S537L",-0.30290052
"N33D,A482T",-0.30291128
"G265D,K543M",-0.30295187
"P32L,S514T",-0.30300778
"H216L,A482T",-0.3031091
"N44D,T422S",-0.303342
"Q129L,K510M",-0.30343172
"E189G,I437V",-0.30353963
"V245G,V290G",-0.30357268
"Q15P,N406D",-0.3039062
"T2I,N406D",-0.30391544
"F42Y,A488T",-0.30399382
"E451G,K484R",-0.30399486
"F48Y,V446A",-0.304044
"I445F,E486G",-0.3040834
"G111A,Q282L",-0.30411547
"V497E,K543S",-0.30426532
"A112P,R143C",-0.30440125
"V460A,K515E",-0.30443865
"G411S,M483R",-0.30444765
"T71I,H472R",-0.30464104
"V294E,A494V",-0.30470228
"D424G,V480A",-0.30494487
"G411S,N524D",-0.30499914
"L75P,G435R",-0.30506077
"H430Q,S514T",-0.30508935
"F42Y,E364G",-0.30515245
"V145A,S505T",-0.3051797
"L137P,V493A",-0.30524495
"I41F,E381V",-0.30544573
"Q282L,A372P",-0.3055211
"T115S,P462R",-0.30552372
"P123L,Y235C",-0.3056406
"S116Y,Q129L",-0.30567887
"K85E,Q141L",-0.3059106
"W428R,K525E",-0.3059764
"R25G,F48I",-0.30601892
"Q13R,K147I",-0.30614382
"V496G,Q511R",-0.30621216
"K336E,A479G",-0.30646893
"S370T,T422M",-0.3065733
"E180K,N524D",-0.30666327
"S502C,V526A",-0.30671316
"S261G,D441N",-0.3068829
"V294E,V526M",-0.30688787
"K363E,P492S",-0.30705023
"K425E,K484R",-0.30711147
"N44D,K85E",-0.30716828
"V354M,N551D",-0.3074888
"S24T,V368E",-0.30754
"K363R,P394L",-0.30757198
"A488T,I532T",-0.3076122
"Q152K,K510R",-0.30763912
"T114P,Y455H",-0.30786413
"E364G,L468F",-0.30807218
"Q282L,V526A",-0.30815488
"Q15P,K309Q",-0.3081649
"N33D,I532T",-0.30817363
"F42Y,N255D",-0.30824557
"E464V,N524D",-0.30849323
"F104L,V460A",-0.30857354
"I41F,S370T",-0.3087868
"A372P,K515R",-0.3088536
"M271I,K539E",-0.30901334
"V354M,G435R",-0.3091639
"V159I,Q282L",-0.3093635
"T2I,W428R",-0.30937204
"L35P,V493A",-0.30955818
"V294E,M317K",-0.30960518
"V145A,M382V",-0.30964282
"N33I,N406D",-0.3096572
"S116P,A356L",-0.30978003
"K287E,K336E",-0.30988163
"T431A,K484R",-0.3099144
"H216L,G360R",-0.31000727
"K410R,E464V",-0.310232
"Y235C,M382V",-0.31034282
"A77T,A112E",-0.3108529
"F104L,H216R",-0.3109373
"L417W,P462R",-0.310941
"F22L,H216L",-0.3110248
"I41F,Q225R",-0.31110647
"D424N,P492S",-0.31110692
"V354M,N524D",-0.31144255
"F274I,K515R",-0.31157088
"N524D,S537P",-0.31175867
"N33D,E275K",-0.3118644
"G111A,K515R",-0.3119591
"I138T,P462R",-0.31202585
"Q15P,V513A",-0.3121357
"N18K,V493A",-0.3122455
"N44D,V368A",-0.3123455
"I445F,H472R",-0.31279644
"K85E,E381V",-0.3130357
"A66T,P462R",-0.31307986
"E47K,K85E",-0.31310177
"N33D,T114P",-0.31312096
"K147I,D477G",-0.31321934
"T114P,V294E",-0.3133921
"E125V,K484R",-0.31342924
"D12G,V294E",-0.3135117
"S116Y,A356L",-0.31357768
"K397N,K539E",-0.31368324
"Q141L,S370T",-0.31375542
"E125V,K309Q",-0.3138074
"V5A,V145A",-0.31406653
"A112E,A479G",-0.31408933
"L35P,V460A",-0.31423035
"F201Y,S502C",-0.31432223
"L280S,H472R",-0.3143386
"Q15L,V20I",-0.3145128
"V354M,K410R",-0.3147418
"V480A,T529P",-0.3148572
"S116P,M483I",-0.31511682
"K515R,V526A",-0.31519502
"E464V,M483R",-0.3152607
"R143C,S261G",-0.3152903
"Q15P,K336E",-0.31530896
"A77T,V513A",-0.3153443
"N44D,Q225R",-0.31543684
"L137P,W428R",-0.31560206
"V245G,H472R",-0.31579128
"A77T,N555D",-0.31579658
"Y30H,K383R",-0.31581336
"V145A,P473L",-0.3160422
"H87R,L468F",-0.3163567
"N153S,V368E",-0.31661248
"N33D,M317K",-0.31661528
"K85E,K363E",-0.31662166
"I301V,N524D",-0.31668591
"F249Y,M271I",-0.31670147
"I41T,E451G",-0.31670776
"V20I,I437V",-0.3170784
"N81D,A479G",-0.3171001
"V184E,G427C",-0.31720716
"L417W,N555D",-0.3173123
"Q511R,L553F",-0.31733233
"K383N,C402F",-0.3173537
"P200S,N255D",-0.31748775
"G60D,Y235C",-0.31783208
"R25G,P536L",-0.31790793
"R143C,Q511R",-0.31792876
"I6T,V20I",-0.31821692
"S370T,P492S",-0.31840548
"N18K,V20I",-0.31853855
"K543E,A550E",-0.3186416
"N237D,S514T",-0.31874952
"T267S,V496G",-0.31880382
"V480A,S499T",-0.3188742
"T115A,N118D",-0.31887472
"P32L,I242A",-0.31901306
"E400G,V460A",-0.31932104
"Y455N,L553F",-0.3194083
"L199P,N555D",-0.31944054
"T267S,V480A",-0.3194845
"F337L,V446A",-0.31948805
"S203Y,N555D",-0.31950632
"N8S,A488T",-0.31952488
"E125V,V264A",-0.3196863
"N81D,L199P",-0.3197828
"M483R,S531Y",-0.31997794
"I41T,S261G",-0.31999692
"K383N,A420V",-0.32034922
"I6T,K410R",-0.32040292
"P123L,V493A",-0.32050246
"S502C,P536L",-0.32096502
"E47K,D424N",-0.3213289
"K149E,L553F",-0.32133436
"Q282L,Y455N",-0.32160413
"V446A,P473L",-0.32175568
"K128N,N153S",-0.32181874
"H87R,V526M",-0.32190713
"S370T,K510E",-0.32200605
"K383R,L545I",-0.32209718
"L137P,V368E",-0.32212108
"Q282L,V497E",-0.32221118
"K149E,V480A",-0.32226047
"V294E,K539E",-0.32237765
"T71I,V290G",-0.32242563
"N81D,M382V",-0.3225076
"N237D,K336E",-0.3225141
"V377M,S502C",-0.32267272
"R25G,M409L",-0.322734
"Y235C,K287E",-0.32276383
"F104L,V493A",-0.322827
"I158L,G538R",-0.32285467
"I41F,A356L",-0.32286012
"E364G,K539E",-0.32303149
"K383R,A479V",-0.32315955
"L278F,T422S",-0.32331407
"V139I,K363R",-0.3233883
"K336R,I445F",-0.323477
"Q15P,V493A",-0.3236212
"F22L,K534R",-0.3237331
"N255D,D477G",-0.32396296
"K383N,Q511E",-0.32405522
"K309Q,S505T",-0.32405612
"K363E,E381V",-0.32419667
"I276V,K336R",-0.32441
"E486G,L545I",-0.32442808
"A77T,V493A",-0.32467604
"S261G,L553F",-0.3247092
"V197E,K543M",-0.3248814
"K147I,E275K",-0.3249136
"G111A,S502C",-0.32495937
"G60D,V145A",-0.32496786
"F109K,K383N",-0.3250992
"E464V,K543E",-0.32517853
"S514T,I523V",-0.32528883
"L280S,G538R",-0.32534927
"A356L,K543S",-0.32545352
"V145A,V377M",-0.3256188
"S24T,N555D",-0.3256322
"L75P,N524D",-0.32567102
"V184G,D438N",-0.32590368
"P193L,K309Q",-0.32591307
"E275K,E364G",-0.32622445
"G111A,K484R",-0.326578
"P462R,K525E",-0.326598
"T140A,R143C",-0.3266296
"V368E,K525E",-0.32666022
"E47K,V223E",-0.3266935
"Q10L,N551D",-0.32674935
"K454R,R542M",-0.32675093
"T2I,Y235C",-0.32679573
"N524D,A550E",-0.32685775
"Q225R,K543M",-0.32697234
"R263G,V513A",-0.32710052
"I158L,V290G",-0.32718575
"G435R,A550E",-0.3273398
"T115A,I437V",-0.3274034
"I276V,V290G",-0.32758212
"Q13R,V184G",-0.32764852
"V7D,F512S",-0.32769182
"T140S,N555D",-0.32776403
"Q15P,W428R",-0.32782686
"T289S,V446A",-0.3280305
"I437V,N524D",-0.32804644
"G374C,L545I",-0.32810333
"F109K,S222G",-0.32815588
"K534R,S537P",-0.3282146
"V5A,K515R",-0.3284012
"E275D,I453F",-0.32842112
"I6T,M271I",-0.32846943
"P123L,E189G",-0.32855844
"V290G,F458S",-0.3286357
"G60D,S514T",-0.32904387
"R25G,T267S",-0.3291341
"K149E,K484R",-0.32914773
"V159I,K309Q",-0.32921153
"Q129L,K543S",-0.32922012
"K85E,M483I",-0.32923016
"T422M,V480A",-0.3293274
"Q3R,W428R",-0.32936877
"T115A,E180K",-0.32943606
"C286Y,G374C",-0.32963026
"T140A,V496A",-0.3297953
"N81D,T289S",-0.3298171
"I242A,K425E",-0.32995752
"P394L,V493A",-0.32996583
"P32L,W428R",-0.33029935
"T2I,R25G",-0.3303569
"R143C,P193L",-0.33040318
"P462R,K515E",-0.33042738
"L93I,V290G",-0.3304715
"I301T,N524D",-0.33081388
"N56D,Q511R",-0.33082396
"N33D,E464V",-0.3309592
"P188T,M271I",-0.33096266
"Q225R,M483I",-0.33097044
"A479G,N555D",-0.33108512
"Q10L,H216L",-0.3311402
"E189G,E400G",-0.3312343
"M409L,V480A",-0.33141938
"N118D,K147I",-0.33159113
"A482T,T529A",-0.3316092
"F458S,G538R",-0.33203986
"K147I,Q152K",-0.33260152
"H216L,G411S",-0.3326693
"I158L,S222G",-0.33271092
"T140S,I242A",-0.3327771
"N118D,T529A",-0.33281666
"E189G,L417W",-0.33302218
"F22L,G435R",-0.33310273
"F22L,K510R",-0.33310384
"H216L,E464V",-0.333108
"V264A,G427C",-0.33320418
"P32L,K363R",-0.33333185
"S202T,K383R",-0.33334106
"S261G,K543S",-0.33363914
"I6T,A488T",-0.33370295
"K336E,K425E",-0.33371443
"Y455H,A482T",-0.33376956
"E189G,A550E",-0.33378252
"V290G,D438N",-0.33381647
"K309Q,Y455N",-0.33389494
"P394L,N551D",-0.33407497
"V20I,F104L",-0.3340834
"K363R,P473L",-0.33437905
"P188T,Y455H",-0.33439964
"V497E,S514T",-0.334606
"I113T,S222G",-0.3346958
"H87R,G360R",-0.33481997
"P188T,K397N",-0.3348291
"I41T,M409L",-0.33491242
"L105P,P462R",-0.33492845
"S116Y,L553F",-0.3354618
"V20I,L137P",-0.33546486
"H87R,S531A",-0.33558556
"Q10L,G435R",-0.33577237
"L278F,S370T",-0.33588415
"N56D,P492S",-0.33591002
"F109S,M483R",-0.33599353
"T115S,M483R",-0.33601403
"N44D,S370T",-0.33604768
"N406D,S537L",-0.33606812
"V100I,I138T",-0.3363156
"Q282L,S499T",-0.33641732
"V100I,L137P",-0.33643568
"G60D,K336E",-0.33658493
"T431A,S514T",-0.33662915
"V368E,F512Y",-0.33663502
"I6R,K147I",-0.3368035
"A112E,E400G",-0.33682528
"M382V,W428R",-0.3368885
"K85E,V223E",-0.3369279
"V20I,E400G",-0.33696815
"L246S,K410R",-0.3371617
"A66T,V100I",-0.3373199
"W428R,P473L",-0.33746126
"Q129L,D424N",-0.33748975
"N81D,L105P",-0.3377117
"K309Q,T529P",-0.33780295
"P32L,V513A",-0.33789623
"V139I,V493A",-0.33844164
"R25G,F201Y",-0.33861926
"F42Y,G374C",-0.33895296
"T115A,A550E",-0.33920062
"V446A,V497E",-0.33931875
"T115S,M271I",-0.33942258
"M554T,N555D",-0.33945793
"N33D,L468F",-0.3396433
"P188T,V294E",-0.33973977
"V294E,V354M",-0.3397478
"F22L,K147I",-0.33976963
"R25G,F274I",-0.33978748
"V377M,V513A",-0.33993813
"R25G,A372P",-0.34005806
"T2I,V100I",-0.34041548
"I45G,E189G",-0.3405687
"E125V,V480A",-0.34082416
"K309Q,I523V",-0.3408372
"M382V,V513A",-0.3409259
"A112P,V480A",-0.34094253
"V184E,V223E",-0.34094396
"F201Y,D441N",-0.341047
"K397N,A482T",-0.34107652
"M271I,V354M",-0.3411303
"T115S,K410R",-0.341135
"V139I,V460A",-0.34129903
"V368E,E464V",-0.3413629
"I242A,V377M",-0.34139162
"L75P,H216L",-0.3414786
"K131E,S502C",-0.34148136
"I45G,K543E",-0.34178695
"N56D,G265D",-0.34184057
"V264A,D424N",-0.3418977
"P188T,A488T",-0.34200612
"Y40N,S222G",-0.3420669
"Q282L,P492S",-0.3421376
"K510M,K515R",-0.34219703
"V223E,V264A",-0.3422801
"G411S,T529A",-0.34228733
"F337L,L553F",-0.34232408
"I270L,K534R",-0.34243914
"N118D,N255D",-0.3424989
"F201Y,S514T",-0.34252647
"N56D,E381V",-0.3425985
"H430Q,V513A",-0.34298372
"G60D,V513A",-0.34337297
"M382V,V460A",-0.34345466
"E364G,E464V",-0.34348315
"R25G,V159I",-0.34349483
"M317K,A488T",-0.34357658
"S222G,V245G",-0.34365696
"E180K,T529A",-0.34374356
"V264A,K510M",-0.34376863
"M382V,N555D",-0.34400976
"N44D,I166N",-0.34402406
"I268T,G374C",-0.3440403
"N237D,V460A",-0.34420177
"I41F,V264A",-0.3442193
"E275K,V294E",-0.34429306
"F109L,V460A",-0.34433815
"V20I,A77T",-0.34436446
"N18S,D441N",-0.34436488
"T267S,S502C",-0.34440482
"T114P,E364G",-0.34456366
"F109L,V513A",-0.34490082
"V197E,L553F",-0.34508967
"V145A,P536L",-0.34528676
"T2I,N81D",-0.3452933
"P193S,E486G",-0.34532282
"A372P,N406D",-0.34544864
"S116P,S502C",-0.3459422
"H216R,T289S",-0.34613028
"V7D,I276V",-0.34614873
"D438N,H472R",-0.34617516
"I301T,N551D",-0.3461877
"V139I,P462R",-0.34618926
"E189G,F512Y",-0.34619603
"F104L,K543E",-0.34625483
"A112P,N406D",-0.34661898
"N44D,L278F",-0.3467063
"E189G,N237D",-0.34672368
"K85E,V184E",-0.34704745
"F109K,K383R",-0.34709957
"I301V,K534R",-0.34718361
"G427C,S502C",-0.3471906
"T114P,G374C",-0.34721363
"K336E,R546G",-0.3472177
"I166T,K534R",-0.34727266
"V20I,K525E",-0.3474494
"N18I,R25G",-0.3476492
"N18I,W428R",-0.34775048
"V223E,K363E",-0.34778783
"I270L,K410R",-0.34785327
"Q10L,K510R",-0.34799498
"V20I,S203Y",-0.34801197
"R25G,T529P",-0.34806028
"R25G,S261G",-0.34853244
"G427C,L553F",-0.34863427
"V294E,G360R",-0.34863743
"R25G,F274L",-0.3488553
"V100I,E400G",-0.34895608
"K397N,E464V",-0.34901494
"V264A,E381V",-0.34902522
"I166T,Y455H",-0.349113
"V7D,F109K",-0.3491679
"F274L,K484R",-0.34932584
"I270L,T529A",-0.34948578
"G60D,A112E",-0.3495517
"K309Q,V497E",-0.34956688
"S108P,K410R",-0.34967867
"F201Y,N406D",-0.3497901
"K147I,V354M",-0.34991357
"F337L,V513A",-0.34998438
"V100A,V159I",-0.35006517
"V20I,P416T",-0.35025477
"H472R,D487G",-0.3506174
"F201Y,L553F",-0.3509711
"H430Q,V493A",-0.3512072
"T140A,K484R",-0.35129791
"Q225R,S370T",-0.35134354
"K128N,M317K",-0.3513443
"V290G,Q511E",-0.35146418
"L246S,K397N",-0.35160944
"K397N,G411S",-0.35173538
"V446A,S537L",-0.3517473
"P32L,E189G",-0.3518337
"Y455H,N503K",-0.35194784
"V513A,R546G",-0.3521133
"M483R,K525E",-0.35219032
"L35P,N555D",-0.35236016
"V7D,V245G",-0.35250443
"K147I,P188T",-0.3525473
"N524D,K525E",-0.35256252
"Q15L,K534R",-0.3527411
"F249Y,A488T",-0.35281378
"K147I,M317K",-0.35304248
"K131E,V496A",-0.35323736
"S370T,K510M",-0.3533497
"I41T,E125V",-0.3534486
"L79P,H472R",-0.35368934
"L199P,Y455H",-0.35403544
"S203Y,N524D",-0.3541343
"E364G,G411S",-0.3541586
"N153S,E486G",-0.3542236
"M382V,V493A",-0.35426107
"A356L,S370T",-0.35435367
"V223E,A356L",-0.354381
"L93P,K336R",-0.35445985
"V294E,S531Y",-0.35459965
"K128N,F249Y",-0.35465702
"R143C,D424N",-0.35479054
"S222G,Q511E",-0.35482553
"K149E,S514T",-0.3548414
"F109L,N551D",-0.35489956
"L75P,E364G",-0.3549135
"Y455H,S537P",-0.35494748
"K383R,A494V",-0.35503182
"P492S,V496G",-0.35503432
"K128N,L246S",-0.35508752
"S222G,D438N",-0.35517138
"V264A,S370T",-0.3553198
"N56D,S499T",-0.35537606
"Q3R,V100I",-0.35556006
"V7D,F458S",-0.3555737
"F22L,T529A",-0.3557125
"Y235C,R546G",-0.35573334
"F48I,V145A",-0.35579932
"V145A,D424G",-0.35581517
"V7D,N503S",-0.35583425
"A112E,L443P",-0.35585135
"Q141L,V496A",-0.35620406
"K410R,A550E",-0.35641825
"V100A,E125V",-0.35656378
"N255S,G374C",-0.35685205
"V20I,N237D",-0.35692537
"V184G,C286Y",-0.3569522
"T289S,P462R",-0.35696372
"K309Q,P492S",-0.3570476
"L443P,V513A",-0.3572414
"G374C,L393S",-0.3572598
"G360R,A488T",-0.35735613
"V139I,E189G",-0.357489
"G60D,V493A",-0.35751435
"I41F,S502C",-0.35770324
"N33I,Y235C",-0.35774043
"W428R,E451G",-0.35775033
"V20I,F48I",-0.35778788
"P462R,P473L",-0.35799038
"A420V,G538R",-0.35831517
"V497E,V513A",-0.35875914
"N406D,V497E",-0.35901895
"K128N,E464V",-0.3591335
"D424N,S502C",-0.3592576
"Y235C,T529P",-0.35929817
"Y455H,E464V",-0.35930133
"R143C,G265D",-0.3594047
"L199P,N524D",-0.35941267
"I242A,E451G",-0.35949516
"P193L,D441N",-0.35956153
"E189G,T289S",-0.3597362
"Y235C,V497E",-0.35979304
"K363R,M554T",-0.35985023
"V197E,Q282L",-0.3599908
"V264A,V480A",-0.36005256
"D164N,K454R",-0.36017105
"V368A,K543S",-0.3601974
"K85E,R143C",-0.36035553
"V460A,R546G",-0.36058524
"K484R,K510M",-0.36072505
"K515R,K543M",-0.3608274
"E47K,V496A",-0.36100045
"L443P,S514T",-0.361067
"V20I,S108T",-0.36158058
"I242A,L443P",-0.36167756
"G427C,V496A",-0.36170226
"E180K,A488T",-0.36171722
"K336E,S537L",-0.3617987
"V145A,Q511R",-0.36204594
"V368A,S502C",-0.3622408
"A77T,V368E",-0.36224604
"N33I,W428R",-0.36241588
"V20I,P123L",-0.36260977
"E275D,N414D",-0.3627135
"H87R,G411S",-0.3630457
"F22L,A488T",-0.3630973
"L75P,A488T",-0.36323676
"Q10L,K397N",-0.36329848
"F274I,L553F",-0.36340508
"N255D,V354M",-0.36356735
"H216R,L443P",-0.36362994
"V100I,P394L",-0.36380875
"K287E,N555D",-0.36395487
"K336E,V497E",-0.36408138
"T431A,V493A",-0.36455646
"G435R,S531Y",-0.36474323
"K515E,T529A",-0.36477306
"I242A,S261G",-0.36480075
"N33D,N237D",-0.3648413
"V7D,A479V",-0.3648432
"L75P,K147I",-0.36497778
"V145A,K149E",-0.36502907
"Q282L,V368A",-0.36514488
"W428R,R546G",-0.36519632
"D12G,G374C",-0.36558184
"R25G,K131E",-0.36562008
"D12G,K383N",-0.36602163
"F201Y,I242A",-0.36606646
"S203Y,H216L",-0.3661322
"F104L,T115A",-0.36613628
"F274I,S502C",-0.36616817
"D477G,E486G",-0.36636567
"V223E,K543M",-0.36643672
"F337L,V493A",-0.36662617
"L443P,V493A",-0.36668333
"V480A,P492S",-0.36682245
"V159I,V446A",-0.36688414
"K363R,L443P",-0.3670827
"N255D,E464V",-0.36715257
"F48I,V100I",-0.36752522
"K525E,K534R",-0.36758536
"W428R,V526A",-0.36766508
"Q10L,K128N",-0.3677246
"P200S,E486G",-0.36795458
"A112E,M409L",-0.36825058
"G111A,Y235C",-0.36831638
"F104L,M271I",-0.36882704
"K510E,K515R",-0.36884087
"E189G,R263G",-0.36933225
"P394L,K534R",-0.36952868
"A77T,K543E",-0.3695427
"C286Y,K336R",-0.36964276
"M409L,N555D",-0.36969194
"L35P,K543E",-0.3697315
"V368E,M382V",-0.36987576
"L443P,V460A",-0.3699031
"V184E,M483I",-0.37000844
"R25G,S116Y",-0.37019145
"F109L,P462R",-0.37029248
"T2I,K534R",-0.37034407
"Q152K,V290G",-0.37035343
"F48I,E189G",-0.370518
"N33D,T115S",-0.37052998
"V197E,S514T",-0.37070543
"Q10L,E364G",-0.37088227
"I301T,K410R",-0.37093613
"F274Y,W428R",-0.37118182
"V223E,T422S",-0.37122113
"N8S,K383N",-0.3713926
"T115S,K397N",-0.37140715
"G111A,V513A",-0.37155554
"T267S,V446A",-0.37170714
"D426G,K454R",-0.37180805
"N8S,K336R",-0.37200952
"W428R,S505T",-0.37212315
"L105P,K534R",-0.3721318
"K363R,M409L",-0.37215084
"G265D,L553F",-0.37218985
"Q225R,V480A",-0.37244478
"S116Y,Q282L",-0.3725284
"P200S,G374C",-0.3725324
"I242A,Q511R",-0.3725773
"S203Y,N551D",-0.3726078
"T431A,V460A",-0.3727318
"V264A,A356L",-0.37284946
"Q141L,D441N",-0.37343088
"K309Q,E381V",-0.3735323
"A66T,G435R",-0.37375018
"K287E,P462R",-0.37382594
"G111A,K336E",-0.3739426
"N33D,A66T",-0.37397274
"I301V,A488T",-0.37398556
"A77T,K534R",-0.37412494
"S222G,A479V",-0.3741278
"T529A,M554T",-0.3742765
"G411S,A488T",-0.37433925
"K510R,K525E",-0.37462685
"I268T,V290G",-0.3747352
"V368E,E400G",-0.37493792
"Q152K,E486G",-0.37494445
"P123L,K534R",-0.3753191
"T140S,M271I",-0.3755761
"V264A,V496G",-0.3756733
"K410R,F528L",-0.37581694
"V20I,H430Q",-0.3760037
"E189G,H430Q",-0.37626302
"I138T,V294E",-0.37662143
"K510R,F528L",-0.37666395
"K425E,V493A",-0.37676397
"E275D,L545I",-0.37696654
"W428R,Y455N",-0.37705615
"N56D,S116Y",-0.37719312
"L199P,H216L",-0.377196
"V20I,N33I",-0.3774407
"Q10L,A488T",-0.37786227
"V145A,F249L",-0.37791583
"L105P,T529A",-0.37798804
"G435R,I437V",-0.37809202
"T140A,V446A",-0.37810823
"A479G,N551D",-0.37814257
"G111A,V493A",-0.3781993
"N153S,G374C",-0.37829456
"K147I,A550E",-0.3783683
"Q282L,K543M",-0.37841934
"D240G,K454R",-0.37844646
"P32L,N524D",-0.37847525
"E275D,C286Y",-0.3785407
"I21T,K454R",-0.37869117
"E47K,K309Q",-0.3789273
"V20I,I45G",-0.37899196
"K131E,S514T",-0.37904564
"I270L,E364G",-0.37909117
"Q15P,M483R",-0.3795007
"C286Y,H472R",-0.3797429
"N406D,P492S",-0.379858
"N18S,A112E",-0.379889
"N81D,A372P",-0.38008013
"H87R,S108P",-0.38008848
"I6T,G374C",-0.38012636
"S370T,D441N",-0.38013148
"I532M,G538R",-0.38026032
"E189G,E451G",-0.3804744
"T140S,N551D",-0.38054344
"Q225R,Q282L",-0.38065875
"T140A,I242A",-0.38066944
"V460A,P536L",-0.38069412
"N33D,E125K",-0.3807336
"S142P,E189G",-0.38097525
"K85E,Q282L",-0.38123292
"N237D,K534R",-0.38127592
"E486G,I532T",-0.38132486
"S203Y,V294E",-0.38132644
"H216L,M554T",-0.38136858
"Q141L,K484R",-0.38154894
"N406D,D424G",-0.38170657
"N44D,V480A",-0.38173172
"N18I,P462R",-0.382039
"I41F,K515R",-0.38270462
"P123L,K410R",-0.38276348
"V100I,H430Q",-0.3830598
"N33D,P123L",-0.3831975
"V184G,L393S",-0.38319996
"C286Y,G538R",-0.383333
"K147I,I270L",-0.383481
"T2I,V446A",-0.3836994
"A488T,F528L",-0.384103
"E400G,N551D",-0.38411114
"S24T,V294E",-0.38429075
"D441G,G538R",-0.38433576
"V145A,A372P",-0.38480434
"E275K,K383N",-0.38481072
"V7D,D487G",-0.38495046
"A66T,T529A",-0.38502252
"T422S,K484R",-0.38502613
"N18I,E189G",-0.38506073
"S203Y,K410R",-0.3852023
"K309Q,K510E",-0.38536957
"K309Q,G427C",-0.38539162
"T115A,P394L",-0.38542515
"R25G,E47K",-0.385429
"I138T,K397N",-0.38562873
"T267S,W428R",-0.3858712
"V377M,P462R",-0.38603377
"S370T,V480A",-0.38614652
"V197E,K484R",-0.38625774
"S203Y,G435R",-0.38627887
"E47K,S502C",-0.38635352
"Q15L,K128N",-0.386544
"I41T,Q129L",-0.3866545
"N44D,N81D",-0.38672748
"A494V,G538R",-0.38679025
"K128N,L137P",-0.38685665
"N33I,A112E",-0.3871196
"N8S,G374C",-0.38722485
"K85E,V480A",-0.38723868
"L93P,E275D",-0.38735512
"M271I,I301V",-0.38738298
"L137P,V294E",-0.38751224
"E125K,T529A",-0.38755956
"V460A,S537L",-0.3877465
"V100A,Q141L",-0.38779315
"V184E,E381V",-0.38799343
"Q13R,H472R",-0.38825607
"E125K,M271I",-0.38838682
"K128N,I270L",-0.3884025
"R25G,N44D",-0.38840568
"T289S,N524D",-0.38841096
"S24T,T529A",-0.38855064
"V20I,P473L",-0.3885938
"G374C,A550E",-0.38864073
"V139I,N524D",-0.38869596
"R25G,S116P",-0.38887474
"K309Q,T422S",-0.38889232
"G374C,A482T",-0.38895395
"V368A,V446A",-0.3890816
"T289S,N551D",-0.3890866
"V480A,K543M",-0.3894225
"L137P,K410R",-0.38942978
"K383R,Q511E",-0.38944986
"M382V,N551D",-0.38997152
"V5A,V368E",-0.39002302
"A77T,K410R",-0.39019036
"K128N,I138T",-0.39027584
"G374C,S537P",-0.39060798
"L137P,K397N",-0.3907296
"I242A,Y455N",-0.39090487
"D424G,V460A",-0.39107695
"Q129L,L553F",-0.39110175
"R546G,N555D",-0.39118725
"E381V,N406D",-0.39118966
"K363E,K515R",-0.39123812
"H216L,N237D",-0.39123887
"N56D,Q225R",-0.39128333
"S222G,D477G",-0.3914328
"F48S,E486G",-0.391441
"E400G,N524D",-0.39156
"N18S,K534R",-0.39156008
"F42Y,S222G",-0.3916289
"S108P,N255D",-0.39168787
"S499T,V513A",-0.39177263
"V20I,V377M",-0.3920921
"V20I,E451G",-0.39220878
"V368E,K425E",-0.39234188
"V7D,L79P",-0.39236125
"V290G,V526M",-0.3924729
"H472R,D477G",-0.39248794
"E189G,R546G",-0.39250454
"Q152K,G538R",-0.39261508
"V513A,T529P",-0.3927008
"E330V,G538R",-0.39281473
"N33I,V446A",-0.39295673
"N255D,S531Y",-0.39298216
"I41F,K484R",-0.3933666
"S108T,T115A",-0.3934747
"L137P,N524D",-0.39380968
"R263G,P462R",-0.39384902
"K149E,V513A",-0.3940614
"V159I,N555D",-0.39424327
"K85E,K309Q",-0.39452004
"F48Y,N551D",-0.39452648
"K131E,I242A",-0.39471737
"Q3R,K410R",-0.39484265
"T2I,V145A",-0.39485818
"V159I,V460A",-0.39508045
"L35P,M271I",-0.39525065
"N237D,K410R",-0.3952896
"H216L,A479G",-0.39549756
"P188T,E486G",-0.39556134
"M409L,V513A",-0.39560857
"H216R,F274Y",-0.39580148
"I6T,S222G",-0.39583704
"M483I,K484R",-0.39601684
"V290G,I532T",-0.39622003
"Q129L,K309Q",-0.39630735
"S108P,E364G",-0.3964166
"T2I,K410R",-0.3964344
"V294E,K525E",-0.3964666
"V223E,K543S",-0.39648458
"E400G,K510R",-0.39664552
"V139I,K410R",-0.3968436
"S203Y,K397N",-0.39689994
"Q282L,S370T",-0.39695475
"T267S,V460A",-0.39708316
"N237D,K510R",-0.39755195
"V197E,K309Q",-0.39760756
"H430Q,N524D",-0.39801484
"I166V,K383R",-0.39825934
"M382V,T529A",-0.3989002
"L35P,K397N",-0.39890534
"K397N,L417W",-0.3989169
"I166T,G435R",-0.39898124
"L54S,K454R",-0.39907137
"E43D,N379I",-0.39918083
"V184E,V496A",-0.39988768
"F22L,K397N",-0.40003353
"L35P,Y455H",-0.40008336
"Y455H,K525E",-0.40037933
"R143C,L553F",-0.4004185
"L79P,E275D",-0.40061978
"L105P,K128N",-0.40063184
"A66T,E364G",-0.4006933
"T289S,V368E",-0.4010154
"G374C,S531Y",-0.40123153
"A112E,Q511R",-0.40144464
"V139I,V368E",-0.4015693
"K383N,F528I",-0.40162715
"T431A,P462R",-0.40165025
"K425E,P462R",-0.40173638
"A372P,V513A",-0.4017908
"I41T,P492S",-0.40185738
"R25G,S370T",-0.40200287
"A356L,L553F",-0.4020075
"T115S,V294E",-0.402031
"H87R,I138T",-0.40214565
"Q15P,G435R",-0.40218645
"N81D,L443P",-0.40238988
"K131E,V446A",-0.40243775
"I242A,T422M",-0.40269408
"A112E,T422M",-0.4027507
"L105P,K397N",-0.40277377
"Q15L,A488T",-0.4030257
"I242A,A372P",-0.4031493
"F274Y,V493A",-0.40333396
"N81D,T529P",-0.40352845
"H216L,M382V",-0.40353358
"E400G,G435R",-0.40361366
"P394L,G435R",-0.40368098
"V294E,M554T",-0.40390593
"N33I,V145A",-0.40398592
"Y235C,S261G",-0.40405145
"K147I,P394L",-0.4042387
"F201Y,N555D",-0.40428504
"F48I,N524D",-0.4044201
"T140S,H216L",-0.40443677
"N18S,I242A",-0.4044499
"G435R,A479G",-0.4044885
"Q15L,N255D",-0.40450355
"N33I,V460A",-0.40463072
"F274I,S514T",-0.40472755
"A479G,T529A",-0.4048712
"P394L,T529A",-0.40498218
"Q141L,V145A",-0.4052171
"V290G,E330V",-0.40531802
"R143C,S502C",-0.40554363
"L105P,H216L",-0.40562046
"G374C,G411S",-0.40565112
"P200S,H472R",-0.40568706
"K410R,F512Y",-0.40601423
"F201Y,V460A",-0.40612057
"K149E,V493A",-0.40616378
"K454R,I504T",-0.40636244
"I41F,I242A",-0.40641886
"A482T,E486G",-0.4064267
"L105P,N551D",-0.40652272
"I45G,K534R",-0.40655783
"L35P,H216L",-0.406612
"A372P,V460A",-0.40669093
"K410R,P473L",-0.40672302
"V480A,V496A",-0.40678102
"S24T,K397N",-0.4070318
"K363R,S505T",-0.40705702
"K128N,P416T",-0.40707263
"M382V,K410R",-0.40718892
"Y235C,P492S",-0.40738943
"K149E,W428R",-0.40749365
"Y455N,N555D",-0.4076183
"S261G,V493A",-0.40775517
"N44D,N555D",-0.40788558
"N33D,V139I",-0.40803367
"A112E,V159I",-0.40810668
"H87R,F528L",-0.40823343
"Y455N,P462R",-0.4082796
"P462R,V526A",-0.40831652
"Q3R,M271I",-0.40837237
"K383N,F444S",-0.4083729
"M409L,M483R",-0.40862074
"L417W,A488T",-0.40872428
"P462R,S537L",-0.4089526
"Q141L,V446A",-0.4090729
"K336R,G360R",-0.40919498
"E364G,E400G",-0.4094014
"F104L,E364G",-0.40940192
"K85E,V100A",-0.40950394
"P32L,K510R",-0.40957215
"R25G,A356L",-0.40966314
"N18I,K534R",-0.40981275
"L137P,H216L",-0.4102021
"P193L,W428R",-0.41035712
"V100A,Q225R",-0.41040358
"K147I,K515E",-0.41063675
"Q152K,K383R",-0.41093904
"P188T,G374C",-0.41099757
"S142P,G435R",-0.41110107
"P123L,E364G",-0.4112581
"S203Y,N255D",-0.41134188
"A77T,K147I",-0.41144773
"K363R,I523V",-0.41147465
"N255S,V290G",-0.4114826
"I45G,Y455H",-0.4115114
"S203Y,E364G",-0.41163123
"V20I,R263G",-0.4118572
"E180K,E486G",-0.4119379
"V100I,V526A",-0.41201246
"F104L,Y455H",-0.41227877
"V100I,T431A",-0.41231725
"I6R,G538R",-0.41237473
"M271I,F337L",-0.41242144
"T529P,N555D",-0.41242465
"V20I,T529P",-0.41259906
"F109L,K534R",-0.4126761
"S142P,V294E",-0.41274557
"T115A,V139I",-0.41293994
"H87R,K525E",-0.41294396
"N255D,P394L",-0.41295123
"V7D,L545I",-0.41311902
"F274I,V493A",-0.41312462
"F201Y,V493A",-0.41325897
"V20I,F274I",-0.41332164
"H87R,S203Y",-0.41338298
"A356L,S502C",-0.4134487
"M271I,H430Q",-0.4135421
"V20I,V526A",-0.41362512
"Q282L,D424N",-0.41366035
"F42I,V290G",-0.41370946
"F337L,G435R",-0.4139706
"K287E,N551D",-0.4141877
"K543E,R546G",-0.4143121
"V159I,I242A",-0.4143232
"M271I,M554T",-0.4143303
"A300V,K454R",-0.4145292
"A77T,Y455H",-0.41482404
"K128N,E400G",-0.41483754
"V145A,L278F",-0.4148607
"L468F,G538R",-0.41503453
"V7D,I268T",-0.4151121
"H87R,F104L",-0.4151479
"N255D,L417W",-0.41522422
"V100I,T529P",-0.41528684
"E364G,P394L",-0.41549
"K149E,N555D",-0.41560975
"N255D,K525E",-0.41578257
"N33D,M382V",-0.41585973
"L35P,N551D",-0.41586563
"T2I,N524D",-0.41591173
"Q3R,N551D",-0.41620332
"P200S,G538R",-0.4162256
"V223E,K515R",-0.4162936
"F201Y,K363R",-0.4165139
"H87R,E125K",-0.4166634
"V526A,N555D",-0.41670245
"A112E,K131E",-0.41671205
"T114P,V184G",-0.41687107
"N8S,G538R",-0.4170045
"G111A,E189G",-0.41709265
"V100I,A372P",-0.41735798
"V20I,G111A",-0.4173752
"A372P,V493A",-0.41762528
"H216R,S499T",-0.41801113
"Q152K,E275D",-0.4185073
"F337L,K534R",-0.41871074
"V145A,S370T",-0.418998
"V264A,Q282L",-0.41935423
"G360R,E486G",-0.41943362
"V5A,P462R",-0.41947708
"N56D,Q282L",-0.41962838
"V184G,K539E",-0.41964045
"E189G,K425E",-0.41976717
"N406D,T422S",-0.4198638
"F48Y,K410R",-0.42008066
"T422S,V496A",-0.42019004
"L105P,K147I",-0.42041588
"D441N,S502C",-0.4205048
"P123L,Y455H",-0.42052996
"I268T,K336R",-0.42056885
"K534R,M554T",-0.42062688
"H216L,K287E",-0.420773
"P32L,T529A",-0.42090705
"L443P,K534R",-0.42099243
"I41F,V145A",-0.42114997
"Y455H,M554T",-0.42141092
"E464V,E486G",-0.4215513
"K383R,F444S",-0.42171586
"F249Y,E486G",-0.42172942
"T267S,K534R",-0.4227138
"I523V,N555D",-0.42289335
"E47K,S514T",-0.42311215
"L278F,V446A",-0.4231658
"F249L,P462R",-0.42325953
"F337L,K410R",-0.423354
"R143C,V496G",-0.42339128
"I166T,G374C",-0.4234496
"S108T,E364G",-0.42357287
"H472R,I532T",-0.42358413
"I242A,L278F",-0.42360002
"I242A,G427C",-0.42363888
"V100I,M409L",-0.42387727
"E43D,I445V",-0.42388752
"F48I,K147I",-0.42405838
"P193L,P462R",-0.4241359
"T267S,N551D",-0.4242155
"F42Y,K336R",-0.42446893
"L278F,S514T",-0.42513365
"V290G,K539E",-0.42524618
"I242A,K510E",-0.4253608
"F274Y,K363R",-0.42540315
"V290G,M317K",-0.425599
"Y235C,G265D",-0.42569703
"K454R,R548S",-0.42572862
"R25G,K543S",-0.42574432
"L105P,E364G",-0.4258466
"T115A,T431A",-0.42620438
"N33D,L105P",-0.42628726
"Q3R,E364G",-0.4262873
"L35P,E364G",-0.4263143
"A356L,D441N",-0.42643395
"S142P,M271I",-0.42656007
"K410R,M554T",-0.4267479
"M271I,K287E",-0.42696142
"N33I,K410R",-0.42705745
"E486G,N503K",-0.42718807
"V20I,Q511R",-0.42720065
"L35P,H87R",-0.42735514
"F109L,K147I",-0.42737025
"G360R,G538R",-0.42739064
"I166V,G538R",-0.4274447
"T115A,K425E",-0.42769524
"A112E,G427C",-0.42803395
"V20I,V497E",-0.42811802
"Q225R,N406D",-0.42828616
"N33D,S142P",-0.42834315
"F201Y,P462R",-0.42857325
"N44D,V446A",-0.42871362
"D164G,E275D",-0.428791
"M317K,G538R",-0.42893633
"V145A,Q225R",-0.42908984
"I166T,E486G",-0.4295631
"I41F,V446A",-0.42965642
"A112P,V493A",-0.4298775
"G411S,E486G",-0.42988712
"N33D,L35P",-0.43000185
"F249L,N524D",-0.43007055
"P473L,T529A",-0.4302356
"M317K,E486G",-0.43049315
"V159I,K534R",-0.4306272
"N56D,K515R",-0.43084297
"S370T,V446A",-0.43095303
"V223E,K484R",-0.43124855
"H472R,A482T",-0.43156326
"R143C,Q282L",-0.43158954
"N18I,N524D",-0.4319217
"N44D,K336E",-0.43197435
"V290G,A482T",-0.43220863
"K336R,E464V",-0.43308884
"N18S,M271I",-0.43311515
"T115A,M409L",-0.4332542
"T2I,N33D",-0.43347368
"K363E,N406D",-0.43354297
"V159I,M483R",-0.4335536
"T114P,V290G",-0.4336258
"I242A,G265D",-0.4341011
"T115A,R546G",-0.43417123
"N56D,D424N",-0.43441755
"P123L,V294E",-0.43446514
"S505T,N524D",-0.43452832
"H87R,T140S",-0.43473235
"V368E,Q511R",-0.43484506
"L35P,A488T",-0.43507758
"F274L,P462R",-0.4351302
"G435R,M554T",-0.43542373
"T267S,K543E",-0.4354949
"L413H,K454R",-0.43553007
"K149E,K543E",-0.43553397
"K397N,H430Q",-0.43565083
"E451G,N551D",-0.43578115
"H87R,H430Q",-0.43592295
"K147I,M382V",-0.4360388
"S261G,V368E",-0.4361208
"V7D,D164G",-0.4363248
"N18I,S514T",-0.43635324
"M483R,S537L",-0.43680152
"N237D,Y455H",-0.43682605
"V497E,T529A",-0.43692142
"K128N,F512Y",-0.43694758
"E180K,K336R",-0.43696833
"S24T,K147I",-0.43707824
"K309Q,S370T",-0.43715143
"E47K,V513A",-0.43723875
"G265D,K336E",-0.4373543
"P123L,A488T",-0.43736783
"K128N,S142P",-0.43748078
"V7D,D477G",-0.4374998
"V184G,A482T",-0.437501
"P193S,S222G",-0.43758497
"I41T,R143C",-0.43764803
"V139I,E364G",-0.43781242
"E275D,V354M",-0.43788362
"A356L,W428R",-0.43861747
"K397N,F512Y",-0.4388925
"T2I,K543E",-0.43901202
"Q129L,Y235C",-0.43906578
"G374C,F528L",-0.4393668
"N33D,L137P",-0.43941346
"M409L,K534R",-0.4396915
"E189G,F274L",-0.43970707
"L137P,A488T",-0.4400777
"K425E,N551D",-0.44029817
"V377M,K410R",-0.44057098
"P32L,K397N",-0.44088995
"E381V,S514T",-0.44099027
"S261G,K363R",-0.44106293
"A356L,N555D",-0.44119525
"M382V,K397N",-0.44154143
"T115A,P536L",-0.44173563
"K128N,V139I",-0.44176364
"E43D,S320F",-0.44176772
"V354M,H472R",-0.4418042
"P193L,N551D",-0.44198018
"A112E,Q141L",-0.44208676
"H216R,G265D",-0.44214317
"V7D,P200S",-0.44219467
"N255D,P473L",-0.4422003
"W428R,K510M",-0.44221142
"H216R,E381V",-0.442572
"H216R,V368A",-0.442749
"G265D,N555D",-0.44275355
"H87R,V139I",-0.44283706
"S370T,K484R",-0.44318572
"V460A,P492S",-0.44321632
"V264A,V493A",-0.4433811
"R263G,V294E",-0.44362316
"V264A,V513A",-0.44378594
"K128N,M382V",-0.4441165
"R546G,N551D",-0.44415873
"K410R,P536L",-0.44418874
"Y455N,K534R",-0.4442199
"M271I,L443P",-0.44422385
"G111A,M483R",-0.44423977
"Y235C,K543M",-0.44428092
"H87R,S142P",-0.44429585
"E47K,V493A",-0.44440565
"V20I,F274Y",-0.44447982
"G374C,K525E",-0.44449586
"N56D,V496G",-0.44466165
"A372P,K543E",-0.44493973
"R263S,K454R",-0.44504428
"M409L,K510R",-0.4451346
"E364G,M554T",-0.44565475
"V5A,T115A",-0.4457607
"E364G,V377M",-0.4458167
"Q225R,Y235C",-0.44581684
"V145A,M483I",-0.44587627
"S537L,N551D",-0.44610012
"Q152K,K336R",-0.44611114
"L137P,G374C",-0.4462058
"V20I,F201Y",-0.44630796
"M409L,K410R",-0.44640717
"H216L,K425E",-0.44641083
"E189G,K510M",-0.4464399
"N255D,E400G",-0.4467501
"H430Q,Y455H",-0.4471439
"G427C,V460A",-0.44726846
"T2I,I242A",-0.4475376
"Q282L,V480A",-0.4475536
"G111A,N524D",-0.44755387
"G265D,V460A",-0.44777167
"A356L,K363R",-0.44778773
"P188T,E275D",-0.44796464
"K383R,S531A",-0.4482768
"R263G,Y455H",-0.4484208
"V139I,N255D",-0.4484774
"V290G,G360R",-0.4485398
"K510M,V513A",-0.44857115
"E189G,E381V",-0.44881254
"E275D,K539E",-0.44907933
"N44D,I242A",-0.44935322
"F274L,K543E",-0.44938016
"H216R,K510M",-0.44940776
"I41F,V513A",-0.44940835
"T2I,H87R",-0.4495421
"L35P,G374C",-0.4496478
"S116Y,V368E",-0.4496703
"P462R,S499T",-0.44974685
"A356L,V446A",-0.45000774
"M271I,K425E",-0.45008692
"S222G,K539E",-0.45023692
"S142P,A488T",-0.4502903
"V184G,F444S",-0.4505663
"S24T,G374C",-0.45083374
"F444S,H472R",-0.4509492
"L35P,N255D",-0.45096067
"N44D,H216R",-0.45098665
"S116P,V493A",-0.45107582
"L246S,E486G",-0.45108795
"I41T,Q282L",-0.45119542
"S116P,V460A",-0.45123285
"F249L,V368E",-0.45149273
"G111A,T115A",-0.45157388
"K336E,K543M",-0.45210984
"V480A,S502C",-0.45213228
"E189G,S261G",-0.45221716
"R25G,V480A",-0.4522591
"I138T,G374C",-0.45230204
"P193L,N524D",-0.45242792
"V480A,K515R",-0.452493
"E364G,M382V",-0.452574
"I242A,E381V",-0.45273408
"H216L,V377M",-0.45304686
"P32L,K128N",-0.45313388
"V145A,A356L",-0.45325345
"E180K,G538R",-0.453307
"H216L,T431A",-0.4535295
"N56D,V480A",-0.45354146
"R25G,L553F",-0.45374373
"P32L,V294E",-0.4544338
"Q141L,N555D",-0.45443776
"V497E,N524D",-0.45453218
"I41T,S502C",-0.4548283
"V223E,Y235C",-0.4551431
"H87R,F109L",-0.45516935
"F444S,G538R",-0.45551893
"I138T,V184G",-0.4555553
"K454R,F512S",-0.4557341
"Q282L,K484R",-0.45577788
"P416T,E486G",-0.4558322
"F104L,G374C",-0.4558522
"E47K,E189G",-0.4559537
"S502C,S514T",-0.4560962
"Y455N,N551D",-0.45613095
"V377M,K397N",-0.45625877
"Q15P,H87R",-0.4562712
"V294E,S505T",-0.45637098
"N524D,V526A",-0.45680097
"I41F,V493A",-0.45688784
"E364G,H430Q",-0.45756647
"S370T,V513A",-0.4575853
"F22L,G538R",-0.45777157
"S537P,G538R",-0.45819458
"N81D,K85E",-0.45820427
"E486G,S537P",-0.4582162
"I45G,K383N",-0.45853657
"T140A,E189G",-0.45868537
"N44D,P462R",-0.45869184
"S108P,G538R",-0.45896882
"K147I,K287E",-0.45899048
"N56D,L553F",-0.45902765
"N18S,N255D",-0.45920008
"V493A,K510M",-0.4592047
"K534R,R546G",-0.45924705
"Q282L,K309Q",-0.45932382
"G435R,E451G",-0.45946935
"V290G,I301T",-0.45956528
"V100A,R143C",-0.4596111
"T289S,V294E",-0.45976493
"A372P,K410R",-0.45993745
"E451G,T529A",-0.4600506
"F22L,H472R",-0.4603246
"N18K,K383N",-0.4603832
"M271I,A372P",-0.46093747
"S499T,K543E",-0.46118313
"A112E,K363E",-0.46177515
"K149E,N551D",-0.46182406
"E125V,K543E",-0.46194056
"Q129L,V493A",-0.46199763
"H216R,Q225R",-0.46222162
"F22L,K383N",-0.46271428
"S222G,A482T",-0.4630406
"V497E,K534R",-0.46314105
"N44D,N524D",-0.46337184
"H87R,K287E",-0.4634069
"I270L,G538R",-0.4635757
"Q10L,V290G",-0.46357602
"V368E,G427C",-0.46362793
"V7D,P188T",-0.46363893
"N81D,S116P",-0.4637078
"V7D,K539E",-0.4640652
"V264A,N406D",-0.46420336
"I41T,T422S",-0.46450177
"K128N,N237D",-0.46453938
"V294E,P473L",-0.46456307
"Q225R,V460A",-0.4647005
"E275D,F528L",-0.4647252
"M483I,N555D",-0.464737
"M409L,G435R",-0.46480292
"K128N,E451G",-0.46483546
"M271I,R546G",-0.4650674
"F274I,K410R",-0.46524182
"F249L,M271I",-0.46525064
"K147I,E451G",-0.46528056
"V20I,V197E",-0.46531594
"S505T,K534R",-0.4657056
"K147I,F274I",-0.46604067
"K85E,K363R",-0.46623704
"N33D,A112P",-0.46627322
"T115S,K383R",-0.46629512
"T140A,K543E",-0.46630898
"K397N,T431A",-0.46640033
"V7D,D12G",-0.46692163
"A112E,V223E",-0.4674339
"K309Q,V496G",-0.467689
"K149E,M271I",-0.46779296
"P188T,G538R",-0.46807292
"V294E,V377M",-0.4680915
"Q129L,H216R",-0.46810818
"K336E,K543S",-0.46832556
"E464V,H472R",-0.46832588
"E125V,H216L",-0.4686874
"T431A,Y455H",-0.46869528
"G435R,V497E",-0.4694018
"N33D,V159I",-0.469605
"H472R,A550E",-0.46975455
"T140S,A488T",-0.46987832
"T115A,T422M",-0.47005075
"N33D,E451G",-0.47035506
"V100I,V197E",-0.4704039
"M271I,V526A",-0.4709828
"K363E,V513A",-0.47111857
"V100A,Q282L",-0.47131428
"V184E,K336E",-0.47134978
"F22L,V290G",-0.4715734
"R25G,S502C",-0.4716704
"F249L,K410R",-0.4719139
"V159I,H216L",-0.4722257
"I41F,P462R",-0.47255132
"P492S,N551D",-0.47256488
"I242A,D441N",-0.4725787
"V20I,N44D",-0.47314137
"V197E,K543E",-0.47336113
"V223E,V460A",-0.47344285
"V184G,P416T",-0.47355247
"V20I,S116P",-0.47431952
"T114P,S222G",-0.47452724
"V184G,G411S",-0.47504175
"S505T,K510R",-0.47534078
"M271I,V377M",-0.47537276
"A77T,K383N",-0.47538418
"V446A,V496G",-0.47539455
"Q141L,E189G",-0.47542155
"V100I,G265D",-0.47542292
"N81D,Q225R",-0.475543
"N255D,M409L",-0.4757954
"S370T,W428R",-0.4759443
"V7D,N8S",-0.47595757
"K425E,G435R",-0.47620022
"V7D,Q10L",-0.4762381
"V20I,G427C",-0.476449
"V197E,T529A",-0.4764837
"K131E,E189G",-0.47668612
"Q10L,H472R",-0.47675112
"V184E,Y235C",-0.47682634
"T2I,N255D",-0.47697756
"I166N,K363R",-0.47700843
"E43D,D426G",-0.47706193
"V7D,V354M",-0.4772949
"K397N,P536L",-0.47732496
"M271I,S537L",-0.47754407
"L199P,G538R",-0.47761416
"G374C,M554T",-0.47786206
"P462R,K543M",-0.47796825
"K410R,V497E",-0.47807202
"V7D,I166T",-0.47820032
"H87R,E451G",-0.4782776
"E486G,S531Y",-0.47849864
"E43D,L54S",-0.4785978
"T140A,N524D",-0.4786526
"G374C,P394L",-0.47868934
"I138T,S222G",-0.47869572
"I523V,K534R",-0.47872454
"R143C,N406D",-0.47877267
"S514T,L553F",-0.478853
"N33D,P193L",-0.47889236
"V290G,E464V",-0.47892597
"V100A,S502C",-0.47943538
"E364G,P536L",-0.47952065
"V20I,Q141L",-0.4796162
"S108T,K383N",-0.4799209
"V497E,N551D",-0.47994944
"K397N,S505T",-0.48003164
"V5A,N551D",-0.4801075
"H87R,V377M",-0.4806131
"N56D,N81D",-0.48072726
"A112P,K147I",-0.48086372
"F528L,G538R",-0.4814334
"E43D,D240G",-0.48178917
"V20I,L278F",-0.48196006
"K397N,R546G",-0.48202395
"S24T,V184G",-0.48204836
"S222G,N503K",-0.48211136
"H87R,P536L",-0.48245868
"R143C,K336E",-0.48266053
"Q225R,P462R",-0.48269096
"V290G,P416T",-0.48277953
"V100I,L278F",-0.4830675
"Y455H,P536L",-0.48327696
"E189G,Q225R",-0.48357219
"F109L,K397N",-0.4839949
"Q129L,E189G",-0.4844307
"L246S,H472R",-0.48458663
"F104L,E486G",-0.48460695
"V20I,S499T",-0.48498213
"T115A,K131E",-0.4850811
"I166N,M483R",-0.48524123
"G435R,R546G",-0.48542657
"N56D,D441N",-0.48556823
"K147I,Y455N",-0.48575202
"Q282L,S514T",-0.4857916
"G265D,N524D",-0.48597682
"V100I,M483I",-0.48606867
"K397N,Y455N",-0.48606932
"Q225R,N555D",-0.48609143
"G111A,K128N",-0.4864095
"V100I,S499T",-0.48667288
"I242A,S514T",-0.48671666
"V290G,A550E",-0.48674884
"L417W,E486G",-0.48679584
"H87R,K425E",-0.48685563
"N33D,L443P",-0.48741868
"S24T,V290G",-0.48744348
"G111A,V294E",-0.48762795
"F201Y,K410R",-0.48782855
"M271I,Q511R",-0.48803452
"F337L,G374C",-0.48804173
"F201Y,M271I",-0.4883502
"L199P,H472R",-0.48843643
"E400G,E486G",-0.48846343
"A488T,S505T",-0.4885808
"N33D,K149E",-0.48864207
"T289S,G374C",-0.48873773
"N18K,H472R",-0.48918748
"K131E,T529A",-0.4891917
"N237D,G374C",-0.48935708
"K397N,V497E",-0.48973092
"E189G,G427C",-0.48982936
"T140A,M271I",-0.4898366
"V20I,Q129L",-0.48988178
"A372P,Y455H",-0.489925
"V5A,K410R",-0.49009433
"E364G,T431A",-0.4903404
"P394L,E486G",-0.49067968
"N255D,K425E",-0.4907167
"G435R,S505T",-0.4907467
"K128N,V497E",-0.49082023
"F274I,E364G",-0.4911615
"G374C,E400G",-0.49138284
"N255D,R546G",-0.49156284
"A77T,E486G",-0.4917349
"N33I,T529A",-0.4918211
"V20I,V368A",-0.49189198
"F48I,K397N",-0.4919141
"A112E,V184E",-0.49198666
"N33D,V526A",-0.4921282
"V145A,L553F",-0.49227607
"A356L,N524D",-0.49232024
"D424G,N551D",-0.49262363
"T289S,K383N",-0.4926923
"N44D,K534R",-0.4927805
"I166T,K336R",-0.49297813
"L417W,G538R",-0.4936091
"H87R,V526A",-0.49391901
"V145A,Q282L",-0.49392205
"K397N,M409L",-0.4939574
"K128N,V159I",-0.49408817
"L246S,G538R",-0.49411443
"S24T,S222G",-0.49466926
"V5A,K128N",-0.49501428
"V100I,V368A",-0.4950358
"V294E,P536L",-0.4951078
"Y455H,Q511R",-0.49520352
"V100I,T422S",-0.49535066
"K484R,S502C",-0.49585652
"K383R,P394L",-0.4961575
"K128N,K149E",-0.49670577
"N33D,I523V",-0.49675253
"G265D,G435R",-0.49675742
"V197E,N524D",-0.49678984
"E381V,M483R",-0.49699828
"N18K,E275D",-0.49708053
"S222G,F528I",-0.49711084
"V100I,Q225R",-0.49725914
"T115S,G538R",-0.49761093
"V7D,E464V",-0.49799648
"E364G,S505T",-0.49819437
"A372P,K397N",-0.49843872
"S116P,K543E",-0.49844006
"V20I,K543S",-0.49881607
"D441N,V493A",-0.49888384
"T2I,G374C",-0.49889925
"T422M,Y455H",-0.49908075
"N81D,V223E",-0.49919763
"A77T,K383R",-0.50001776
"G435R,P492S",-0.50020653
"K149E,G435R",-0.50022924
"H87R,G111A",-0.50027937
"S203Y,H472R",-0.5003347
"V7D,I437V",-0.5003946
"V7D,I301T",-0.50043887
"K336E,K515R",-0.50083786
"V184E,W428R",-0.5008564
"N44D,G435R",-0.50090015
"P32L,G374C",-0.50100034
"T115A,S116Y",-0.5011688
"H87R,E125V",-0.5012413
"V184E,V460A",-0.5014436
"V294E,S499T",-0.5014608
"L35P,E486G",-0.50147545
"A66T,V184G",-0.5016107
"V446A,L553F",-0.501645
"V5A,N33D",-0.5016539
"E189G,D424N",-0.50187206
"A112P,N255D",-0.5020139
"V159I,V294E",-0.5022104
"V460A,V480A",-0.50258994
"R263G,G435R",-0.5027307
"T115S,V290G",-0.50286394
"A66T,V290G",-0.5028776
"K131E,M271I",-0.50303525
"E364G,M409L",-0.5032086
"G374C,L443P",-0.50324124
"N56D,S514T",-0.50349647
"L137P,E486G",-0.5036161
"R25G,N406D",-0.5036888
"V264A,V368E",-0.50421375
"V290G,K525E",-0.5043094
"K128N,I523V",-0.5044055
"E381V,G435R",-0.5045098
"N118D,S222G",-0.50454575
"V7D,T115S",-0.50500816
"N56D,V446A",-0.5050685
"L137P,K383R",-0.50518715
"S499T,N551D",-0.50522906
"F249L,E364G",-0.50560224
"N237D,E486G",-0.5059186
"E125K,V184G",-0.50664306
"N18I,K397N",-0.5073847
"E125K,H472R",-0.5075228
"T422S,K534R",-0.50768965
"V446A,K515R",-0.5078979
"N44D,K410R",-0.5079751
"N56D,V145A",-0.5080044
"E275D,I437V",-0.5082152
"S116Y,T529A",-0.5082876
"H87R,K149E",-0.508439
"V197E,H216L",-0.5085613
"V197E,G435R",-0.5088309
"A66T,E275D",-0.5089817
"E43D,L413H",-0.5092416
"E275D,P394L",-0.5097872
"R25G,V446A",-0.5098086
"K147I,V526A",-0.5098647
"S261G,K410R",-0.5102155
"V290G,K515E",-0.5105895
"S24T,G538R",-0.5106655
"T140A,V294E",-0.5107755
"L278F,K410R",-0.5116916
"D424G,G435R",-0.5123899
"V7D,A550E",-0.51239383
"M483I,K534R",-0.5124297
"K309Q,K363R",-0.5126965
"P416T,H472R",-0.51332927
"A112E,S502C",-0.5133385
"V223E,N555D",-0.5136784
"T140A,G435R",-0.5141087
"N81D,V264A",-0.5141735
"T115A,G265D",-0.51421046
"T115A,S116P",-0.5142574
"N406D,D441N",-0.5142982
"M271I,M483I",-0.51439774
"Q141L,H216L",-0.5144339
"A77T,K336R",-0.514505
"K336R,E400G",-0.51459754
"G60D,G538R",-0.514643
"Q282L,N555D",-0.51487786
"T289S,E486G",-0.51505774
"A112E,V496G",-0.5150911
"N255D,V526A",-0.51512045
"S116P,G435R",-0.5153653
"K454R,A479V",-0.51557356
"K149E,N255D",-0.5156841
"M271I,E381V",-0.51591057
"K85E,N524D",-0.5159422
"K309Q,K336E",-0.51620924
"P394L,H472R",-0.51637834
"P123L,E275D",-0.51662266
"H472R,K515E",-0.5168252
"I158L,K454R",-0.5168799
"F104L,H472R",-0.51758873
"K128N,F274I",-0.51760435
"N44D,K147I",-0.51761144
"H87R,Q511R",-0.51778
"S116P,K534R",-0.51813984
"V290G,M554T",-0.51819694
"V100A,N406D",-0.51849955
"V493A,L553F",-0.5186755
"K510R,K543S",-0.51878655
"V7D,I138T",-0.5188321
"T115A,L278F",-0.5188555
"D438N,K454R",-0.5189145
"A356L,G435R",-0.5189271
"N81D,R143C",-0.5190759
"Q225R,M483R",-0.51920384
"G60D,K336R",-0.5193379
"H216R,K515R",-0.5193611
"V5A,N255D",-0.5193932
"F274L,Y455H",-0.5196994
"R143C,W428R",-0.5197279
"F201Y,A488T",-0.5198164
"L93P,K454R",-0.51983625
"Y235C,K309Q",-0.52000827
"Q282L,V513A",-0.5201644
"N237D,G538R",-0.5207517
"A77T,G538R",-0.52092886
"S222G,K525E",-0.5209304
"V5A,A488T",-0.520994
"Q225R,K534R",-0.5211677
"L35P,H472R",-0.52127296
"F249L,A488T",-0.52144635
"G265D,K510R",-0.5214933
"A420V,K454R",-0.52153164
"N524D,K543M",-0.5216809
"F274I,A488T",-0.52186316
"R25G,K336E",-0.5220635
"V264A,P462R",-0.52253413
"A356L,V368E",-0.52261907
"V460A,L553F",-0.5229692
"L137P,H472R",-0.52324766
"S222G,G411S",-0.52419716
"K147I,V497E",-0.5242472
"K85E,N551D",-0.5244505
"G374C,T431A",-0.52449685
"S222G,F512Y",-0.52500397
"S108T,S222G",-0.5251274
"S24T,K336R",-0.5252912
"P123L,V290G",-0.52543753
"P416T,G538R",-0.52546066
"Q3R,V7D",-0.5257443
"P462R,L553F",-0.52634025
"H430Q,H472R",-0.52667636
"T422M,A488T",-0.5276613
"S499T,K510R",-0.5277653
"S108T,H472R",-0.52833813
"K309Q,V446A",-0.52846396
"T422S,K543E",-0.52901256
"V197E,Y455H",-0.5290711
"D441G,K454R",-0.52925706
"K128N,P492S",-0.5296034
"K131E,K397N",-0.52970755
"E364G,P492S",-0.52972406
"K128N,K131E",-0.52980036
"V7D,S203Y",-0.53012854
"V20I,V264A",-0.53023094
"K85E,T529A",-0.53048277
"Y455H,P492S",-0.53075385
"T2I,E486G",-0.5313748
"F109K,K454R",-0.53138775
"R25G,V513A",-0.5314579
"M483R,K543S",-0.5317121
"E125V,V294E",-0.53215456
"V294E,V368A",-0.53234553
"T267S,K383N",-0.53238976
"K287E,E486G",-0.532731
"S142P,E486G",-0.53291124
"V7D,K525E",-0.53314006
"S116Y,N551D",-0.5331876
"K484R,S514T",-0.53330636
"K397N,S499T",-0.5334685
"H216R,S502C",-0.5334857
"G435R,M483I",-0.5336967
"I242A,K484R",-0.5338839
"P123L,G538R",-0.5347554
"V100A,V460A",-0.53487104
"E47K,K397N",-0.5349018
"G374C,V497E",-0.53495985
"S116P,K410R",-0.5350253
"G60D,H472R",-0.5353056
"R25G,V493A",-0.5353505
"T140S,G538R",-0.5353673
"V139I,V290G",-0.5356383
"K149E,G374C",-0.535899
"T140S,H472R",-0.5360444
"S142P,K383R",-0.5360564
"E47K,E364G",-0.5363058
"L137P,S222G",-0.53672034
"N237D,H472R",-0.53738964
"A112E,K484R",-0.5375779
"N406D,N555D",-0.5376629
"D424N,N555D",-0.5377768
"S116Y,K397N",-0.53781796
"G374C,P536L",-0.53802156
"N44D,T529A",-0.53824276
"Q15P,K383R",-0.53846323
"K85E,K410R",-0.5386322
"R25G,A112E",-0.53864145
"N33D,M483I",-0.53865147
"N81D,V184E",-0.5388248
"F48Y,V290G",-0.5393778
"I45G,K383R",-0.53947693
"I45G,G538R",-0.53976285
"H216L,L278F",-0.5398202
"N379D,K454R",-0.5398486
"E47K,K128N",-0.539961
"S370T,T529A",-0.5400784
"K128N,E381V",-0.54025435
"K128N,S499T",-0.5403497
"S142P,S222G",-0.54047453
"V368E,V480A",-0.54054457
"G111A,G374C",-0.54057485
"E43D,L280S",-0.54073036
"V7D,P123L",-0.5408112
"F274Y,G374C",-0.5409221
"N81D,V496A",-0.5410263
"K484R,V513A",-0.54111016
"V197E,K397N",-0.54112756
"K147I,A356L",-0.5416125
"K363E,K534R",-0.5425902
"K383N,V497E",-0.5438833
"R25G,N81D",-0.54435104
"E43D,F458S",-0.54442257
"Q225R,G435R",-0.5447774
"Q282L,P462R",-0.5449814
"V513A,S514T",-0.54503447
"E364G,S499T",-0.5455318
"P32L,V184G",-0.5464157
"K336E,N406D",-0.5465236
"L278F,N524D",-0.5472673
"H216L,K543M",-0.54751396
"G435R,K543M",-0.5475388
"V368A,K510R",-0.54773456
"L35P,E275D",-0.547807
"H430Q,G538R",-0.5484579
"H87R,V197E",-0.548501
"P32L,V290G",-0.54858017
"S116Y,M271I",-0.5487289
"Y235C,N406D",-0.54896367
"Q129L,G435R",-0.5496577
"H87R,E381V",-0.5498418
"K454R,A494V",-0.54998773
"F337L,H472R",-0.550138
"G265D,K397N",-0.55027485
"V7D,L105P",-0.55045086
"V20I,V184E",-0.5505292
"G435R,K510E",-0.55056095
"T267S,K383R",-0.55090547
"K309Q,V460A",-0.55113184
"G374C,I523V",-0.55115944
"E486G,R546G",-0.55122274
"E275D,F512Y",-0.5515128
"N33D,K85E",-0.5517093
"L105P,S222G",-0.5517847
"V294E,P492S",-0.5518117
"T267S,K336R",-0.55213916
"C286Y,K454R",-0.5524454
"H87R,G427C",-0.55246365
"E189G,L553F",-0.5531455
"I41F,V294E",-0.55324733
"N153S,K454R",-0.55336934
"Q129L,K147I",-0.55410993
"P123L,S222G",-0.5544848
"R143C,E189G",-0.55465573
"E364G,K543S",-0.55467564
"V7D,A77T",-0.5549351
"N81D,L553F",-0.55496705
"N33I,E275D",-0.5550465
"P473L,G538R",-0.55508214
"Q141L,K147I",-0.5552996
"Y235C,S514T",-0.5553499
"Q141L,E364G",-0.55543363
"S116Y,A488T",-0.55544573
"I242A,N406D",-0.55588084
"F109L,V290G",-0.55613226
"H87R,G265D",-0.556416
"E189G,V496A",-0.55655545
"V223E,V294E",-0.55762935
"L443P,E486G",-0.55774873
"N255D,G427C",-0.55799115
"L137P,E275D",-0.5580127
"R25G,N555D",-0.55811954
"S222G,E400G",-0.5584216
"V290G,F337L",-0.5585075
"L553F,N555D",-0.5586273
"G60D,V184G",-0.55875987
"V184E,N555D",-0.55877703
"V139I,V184G",-0.5587892
"V20I,R143C",-0.55899906
"D424N,N524D",-0.5592716
"K149E,K383N",-0.559861
"K131E,A488T",-0.56044096
"V493A,V513A",-0.56053275
"G427C,A488T",-0.56069565
"T140A,A488T",-0.56080127
"N44D,V294E",-0.56111926
"V100I,R143C",-0.5611673
"V20I,L553F",-0.5618995
"S370T,N551D",-0.5620072
"V20I,D441N",-0.56204224
"S222G,P394L",-0.56228197
"H216R,N406D",-0.5623033
"H87R,V368A",-0.5632351
"H216L,D424N",-0.56359726
"K85E,V294E",-0.5636952
"Q129L,E364G",-0.5637461
"F48L,V290G",-0.5638959
"K287E,H472R",-0.56393754
"Q225R,E364G",-0.5639383
"V294E,S370T",-0.5643724
"K383R,M409L",-0.5650278
"K454R,D477G",-0.565047
"L278F,N551D",-0.5652421
"K454R,L468F",-0.56539005
"K85E,K128N",-0.5658256
"A112P,K383R",-0.56782085
"I41F,M271I",-0.5679678
"V197E,G374C",-0.5680534
"Q129L,K397N",-0.56826365
"F48I,G538R",-0.56827956
"E364G,G427C",-0.5689969
"N56D,M483R",-0.56904006
"T529A,K543S",-0.5697964
"V159I,E486G",-0.5697969
"E486G,S505T",-0.5699879
"F274I,E486G",-0.57014835
"Q129L,V294E",-0.5703284
"K147I,V197E",-0.5706953
"L278F,A488T",-0.5710749
"V377M,G538R",-0.57110214
"K425E,E486G",-0.5711541
"H87R,A356L",-0.57165045
"V290G,E451G",-0.57171035
"K147I,Q225R",-0.5718893
"A356L,K397N",-0.57191277
"V264A,V294E",-0.57230866
"E451G,H472R",-0.57239527
"V223E,K410R",-0.5726711
"G374C,S499T",-0.5728458
"K147I,S499T",-0.57304835
"V496G,K534R",-0.5732952
"H87R,T422S",-0.5734043
"E189G,N406D",-0.5738292
"K410R,K484R",-0.5743865
"V100A,E189G",-0.5746783
"V377M,H472R",-0.57543623
"K128N,M483I",-0.57562083
"N33I,G538R",-0.57567567
"S116P,G374C",-0.5769551
"V20I,R25G",-0.5776711
"V290G,T431A",-0.57794964
"N56D,K543E",-0.5782858
"K484R,N551D",-0.5784495
"H87R,Q129L",-0.5786492
"S222G,R546G",-0.5787856
"V184G,M409L",-0.5790505
"G111A,V184G",-0.57916963
"V264A,M271I",-0.5792002
"H87R,Q225R",-0.5793062
"V7D,R263G",-0.5794847
"T267S,E275D",-0.5795794
"E275D,K287E",-0.57962155
"N81D,K363R",-0.58040845
"V184G,I523V",-0.5805556
"P193L,K383N",-0.58065677
"N33I,H472R",-0.58075666
"V264A,G435R",-0.5809986
"V496A,T529A",-0.5812409
"V264A,K410R",-0.58129215
"V460A,V513A",-0.5813254
"E43D,I276V",-0.58231264
"K309Q,K410R",-0.58243173
"K397N,L553F",-0.58285195
"H216R,I242A",-0.5830073
"T115A,K515R",-0.5834766
"T267S,G538R",-0.5835177
"V184G,Q511R",-0.58359444
"G111A,K383R",-0.5836933
"K425E,H472R",-0.5850392
"V264A,K397N",-0.58545935
"T114P,K454R",-0.58550835
"V184G,F201Y",-0.5859098
"N56D,K510R",-0.5859846
"K484R,N524D",-0.5864168
"K128N,V264A",-0.58673316
"Q282L,K534R",-0.58753514
"G265D,G374C",-0.58808196
"V20I,N406D",-0.5886055
"I41T,P462R",-0.5886259
"T115A,V496G",-0.5886838
"H472R,S505T",-0.58895236
"E451G,G538R",-0.58907783
"V184G,S499T",-0.589445
"V159I,V290G",-0.58999157
"R143C,H216L",-0.5903195
"K85E,A488T",-0.5904573
"W428R,N555D",-0.5905467
"V20I,S502C",-0.5911942
"N81D,V145A",-0.5912024
"K425E,G538R",-0.5912111
"H472R,V497E",-0.5913945
"V368E,K515R",-0.59195966
"S537L,G538R",-0.5922188
"W428R,V513A",-0.59233963
"V480A,K534R",-0.592417
"S222G,K425E",-0.5925914
"G111A,K336R",-0.5928596
"T140S,S222G",-0.593033
"I6R,K454R",-0.59346414
"G111A,G538R",-0.5935549
"V20I,W428R",-0.59365857
"Y235C,P462R",-0.59367776
"V496G,N551D",-0.5937967
"K131E,K383N",-0.59380776
"E275D,M409L",-0.5938725
"E43D,A420V",-0.5940225
"P536L,G538R",-0.5941564
"V100I,S502C",-0.5943524
"V100I,N406D",-0.59435374
"D424N,G435R",-0.5944129
"K383R,P492S",-0.5947644
"I268T,K454R",-0.5949032
"Q141L,G374C",-0.59501076
"V368E,V446A",-0.59529907
"V7D,T431A",-0.5957052
"V5A,V7D",-0.5962709
"V5A,S222G",-0.5964358
"V497E,G538R",-0.59650564
"H472R,R546G",-0.59694374
"H87R,V223E",-0.5974379
"G360R,K454R",-0.5974456
"K397N,K515R",-0.5977891
"S370T,A488T",-0.597859
"K363R,V446A",-0.5978666
"G111A,H472R",-0.59787107
"N33I,V290G",-0.5982963
"E275D,Y455N",-0.5985113
"N81D,N551D",-0.5986642
"V264A,E364G",-0.59905
"P462R,S514T",-0.59996367
"H216R,V460A",-0.60009134
"V184E,G435R",-0.6001472
"S222G,N237D",-0.60020983
"H216R,V493A",-0.60022986
"R143C,K510R",-0.60071003
"V290G,M409L",-0.6008544
"G435R,K515R",-0.60111064
"G265D,K383N",-0.6016305
"V7D,S505T",-0.6025081
"E381V,K383R",-0.6025217
"A112P,E275D",-0.6026408
"N33D,V264A",-0.60284257
"E189G,S502C",-0.60284567
"K336E,N555D",-0.6031411
"K147I,D424N",-0.6037112
"E275D,R546G",-0.6037496
"F274I,V290G",-0.60401785
"K128N,S370T",-0.6043363
"V7D,P536L",-0.6047307
"E275D,L443P",-0.60513777
"A112E,V460A",-0.6051611
"E47K,K383R",-0.60545576
"V290G,A372P",-0.60555077
"T422M,G538R",-0.60567164
"S222G,V377M",-0.60576886
"V7D,R546G",-0.6058925
"V20I,Y235C",-0.60595006
"F274L,G538R",-0.606237
"V446A,P462R",-0.60629934
"H87R,S370T",-0.60666513
"S502C,N524D",-0.6068992
"V290G,T529P",-0.60700005
"V139I,S222G",-0.6070801
"V7D,V377M",-0.60762054
"E43D,L93P",-0.60779554
"V223E,A488T",-0.607796
"S222G,T431A",-0.6079304
"E125V,G538R",-0.6079549
"V223E,E364G",-0.6079685
"E189G,K363R",-0.6089719
"V294E,V496A",-0.60904497
"K149E,H472R",-0.6090825
"G60D,S222G",-0.60924107
"E43D,D487G",-0.6093849
"V354M,K454R",-0.6096325
"E364G,K515R",-0.6097005
"R143C,V294E",-0.60996795
"E364G,S370T",-0.6101057
"K484R,T529A",-0.61034083
"E180K,K454R",-0.6106758
"A112E,N555D",-0.6112039
"N56D,T529A",-0.61130214
"S222G,S499T",-0.6115026
"M271I,D441N",-0.6117661
"E189G,W428R",-0.6119212
"F444S,K454R",-0.6122789
"H472R,I523V",-0.6123352
"E47K,E486G",-0.61243385
"N8S,E43D",-0.6126308
"F201Y,H472R",-0.6127453
"H216L,K484R",-0.61378586
"G435R,V496A",-0.61384714
"M271I,V496A",-0.613988
"V294E,D441N",-0.6148122
"K454R,I532T",-0.61503
"A112P,V290G",-0.6151217
"S222G,P536L",-0.6152851
"K363R,V513A",-0.615425
"N56D,E364G",-0.6163816
"K128N,R143C",-0.61674654
"E43D,N255S",-0.616815
"N44D,E486G",-0.6168653
"G411S,K454R",-0.6169315
"V294E,S502C",-0.6169746
"V100A,N524D",-0.6172216
"K131E,V184G",-0.61750644
"I242A,K363R",-0.6175304
"I242A,N555D",-0.61786205
"K128N,V480A",-0.61803204
"V294E,K543S",-0.61825097
"E486G,S499T",-0.6182876
"N33D,N406D",-0.6183696
"E189G,Y235C",-0.6189006
"V368E,V493A",-0.61898583
"S116Y,V184G",-0.6191196
"W428R,G435R",-0.61912495
"V20I,V145A",-0.6192952
"R25G,H216L",-0.6210038
"I242A,P462R",-0.62135994
"K128N,K484R",-0.621396
"V7D,Y455N",-0.6218686
"E47K,K336R",-0.6222161
"V20I,K363R",-0.62281555
"K336E,K543E",-0.6228473
"F274I,H472R",-0.6233565
"T140A,K336R",-0.6233869
"S222G,S261G",-0.62368613
"Q13R,E43D",-0.6237018
"E189G,V513A",-0.623908
"L278F,E486G",-0.6239365
"E47K,H472R",-0.6248298
"E189G,V460A",-0.62487984
"V513A,N555D",-0.62497807
"R25G,K410R",-0.6256933
"E486G,K543M",-0.6263132
"G265D,E486G",-0.6265999
"N56D,H87R",-0.6267716
"V7D,V159I",-0.62731254
"R143C,K147I",-0.6273934
"N44D,K383N",-0.62754345
"M271I,N406D",-0.62771606
"E43D,P200S",-0.6281864
"E364G,K484R",-0.6283566
"N56D,A488T",-0.62870383
"K336R,K543M",-0.6287949
"E275D,S505T",-0.629141
"V7D,K149E",-0.6296249
"Q141L,E486G",-0.6300635
"E189G,V493A",-0.6302849
"V100A,N551D",-0.630289
"V7D,A112P",-0.63032424
"P193L,G538R",-0.63044935
"E364G,L553F",-0.63055706
"V5A,E275D",-0.6310899
"S514T,N524D",-0.63111514
"K128N,K309Q",-0.63131213
"Q141L,V184G",-0.63133836
"E47K,G538R",-0.63159585
"Y235C,K534R",-0.63176876
"A112E,E189G",-0.6321322
"A356L,K383N",-0.63216877
"H87R,R143C",-0.6322173
"Y235C,K543E",-0.6328801
"N44D,G538R",-0.6337224
"K454R,S531A",-0.63496745
"N406D,G435R",-0.6350491
"M271I,S502C",-0.6361176
"S502C,N551D",-0.6366112
"E275D,K510M",-0.63674265
"V264A,K383N",-0.6369971
"V7D,E125V",-0.63742065
"K336E,M483R",-0.637489
"K363E,K383N",-0.63755983
"A488T,L553F",-0.6378813
"N56D,V294E",-0.6381335
"Q282L,V294E",-0.6384511
"E381V,G538R",-0.6391533
"R25G,E364G",-0.63991237
"A356L,E486G",-0.6407346
"V145A,N524D",-0.64079195
"K131E,V290G",-0.6408234
"V100I,V460A",-0.641091
"Q225R,E486G",-0.6414516
"K309Q,Y455H",-0.6414969
"V20I,A112E",-0.64166075
"V493A,N555D",-0.6421173
"S116Y,S222G",-0.64291173
"E47K,V184G",-0.6430241
"N81D,K534R",-0.6430797
"S261G,K336R",-0.6440712
"R25G,G435R",-0.6443528
"R25G,V294E",-0.64494646
"Y235C,N524D",-0.64509404
"F109S,K454R",-0.64517653
"R143C,G374C",-0.6455116
"L278F,K336R",-0.645617
"V20I,E189G",-0.64584416
"S499T,G538R",-0.6460706
"K147I,V480A",-0.646975
"T422S,E486G",-0.6471442
"V480A,A488T",-0.64751285
"V184G,G265D",-0.64785707
"G265D,H472R",-0.6479127
"I41F,E486G",-0.64820147
"Q141L,G538R",-0.6483732
"I242A,N524D",-0.64904845
"E275D,A356L",-0.64920396
"S222G,F249L",-0.6492153
"K383R,S499T",-0.6495515
"F22L,K454R",-0.64971745
"Q141L,V290G",-0.6498566
"K397N,S502C",-0.6500798
"Q225R,K383R",-0.65063864
"K336E,T529A",-0.6514032
"S514T,N551D",-0.6514381
"P462R,M483R",-0.6516564
"Y235C,T529A",-0.6518791
"T115S,K454R",-0.6520437
"V446A,N551D",-0.65217686
"V290G,G427C",-0.6523277
"H87R,S502C",-0.65270466
"V100I,E189G",-0.6532387
"S116P,H472R",-0.653316
"Q10L,K454R",-0.65336365
"E275D,K543M",-0.65344536
"K131E,S222G",-0.65359324
"K363R,N524D",-0.65365857
"E43D,E275K",-0.6537476
"V446A,K534R",-0.6539452
"V290G,E381V",-0.6544386
"R25G,A488T",-0.65576845
"T140A,E275D",-0.656152
"N255D,L553F",-0.65626895
"Q129L,K383R",-0.6563483
"D424N,E486G",-0.65650046
"G265D,V290G",-0.65667504
"V184G,V223E",-0.6567352
"V100A,G435R",-0.6574171
"V159I,S222G",-0.6579669
"K336E,K410R",-0.6585195
"E43D,T114P",-0.65903133
"A356L,H472R",-0.66063887
"V290G,D424N",-0.6623605
"S222G,F274I",-0.66256034
"E43D,E180K",-0.6635276
"V513A,N524D",-0.6647919
"H216R,N524D",-0.664894
"H472R,K510E",-0.6650582
"I166T,K454R",-0.6652137
"K410R,W428R",-0.6670069
"K383R,D424N",-0.6677878
"Q129L,G538R",-0.6682746
"V145A,K397N",-0.66850084
"I270L,K454R",-0.6688688
"Q129L,V290G",-0.6695172
"E43D,A482T",-0.66986877
"V513A,K534R",-0.66994345
"S116P,S222G",-0.6704299
"N81D,K147I",-0.67130387
"V7D,N44D",-0.67186177
"Q225R,G538R",-0.67272717
"V460A,K534R",-0.67298037
"G435R,V446A",-0.67300016
"K309Q,A488T",-0.6730537
"V294E,N406D",-0.67306143
"K128N,V145A",-0.6730949
"K363E,K383R",-0.67332757
"G538R,K543M",-0.67394406
"V223E,V290G",-0.67466927
"E125K,K454R",-0.67486703
"V7D,S116Y",-0.67511725
"N33D,Y235C",-0.6753234
"A112E,K410R",-0.6758755
"H216L,V513A",-0.6762348
"E189G,K410R",-0.6765207
"P462R,K510R",-0.67777646
"Q141L,S222G",-0.6781296
"V290G,A356L",-0.67878795
"V100A,N255D",-0.67883366
"Y235C,K397N",-0.6790029
"K128N,Y235C",-0.67904234
"Q129L,H472R",-0.6790527
"D424N,H472R",-0.67928666
"V7D,Q129L",-0.6799149
"G374C,D441N",-0.6812669
"L137P,K454R",-0.6813822
"I138T,K454R",-0.6816298
"N33D,V145A",-0.68251723
"S116Y,E275D",-0.6825541
"T2I,K454R",-0.6835884
"S116P,E275D",-0.6836982
"Y235C,V294E",-0.6840922
"K128N,K336E",-0.68467057
"E43D,P188T",-0.68481576
"V294E,V513A",-0.6849801
"K410R,V460A",-0.68507427
"G538R,K543S",-0.68651015
"E364G,V446A",-0.6873585
"E47K,S222G",-0.6875398
"A112E,M271I",-0.6888733
"K309Q,K383N",-0.6902145
"K454R,A479G",-0.6903755
"N255D,S514T",-0.69098216
"V20I,N551D",-0.69131386
"M271I,P462R",-0.69138944
"F22L,E43D",-0.69141483
"V294E,V493A",-0.6924282
"N56D,E486G",-0.6930604
"I242A,E364G",-0.69359726
"S203Y,K454R",-0.6940628
"V7D,M483I",-0.6943267
"D12G,E43D",-0.6946507
"V100I,N551D",-0.69530404
"K128N,S514T",-0.69587225
"W428R,Y455H",-0.69610226
"S222G,V223E",-0.6963383
"K534R,N551D",-0.69640774
"K309Q,K336R",-0.6965166
"V7D,Q225R",-0.6968221
"K397N,V493A",-0.69692326
"E43D,M317K",-0.6969979
"N33D,H216R",-0.6972454
"V7D,K85E",-0.6979226
"Y235C,E364G",-0.69795984
"T115A,E189G",-0.6987994
"H87R,H216R",-0.6999451
"Q129L,S222G",-0.70012033
"V20I,K543E",-0.70083976
"N33D,V513A",-0.70188665
"Y235C,A488T",-0.70208263
"Y235C,N255D",-0.7023712
"N56D,E275D",-0.70281017
"K147I,W428R",-0.70299506
"H216R,E364G",-0.7034781
"V290G,V480A",-0.70358527
"K309Q,K383R",-0.703766
"N255D,K336E",-0.7039019
"E486G,L553F",-0.70431113
"V145A,A488T",-0.70432043
"K484R,E486G",-0.7049325
"K128N,W428R",-0.70506686
"E364G,V513A",-0.70521337
"Q3R,K454R",-0.70539546
"G435R,V493A",-0.70541537
"K147I,V446A",-0.70557326
"E43D,S531A",-0.7061586
"R143C,E486G",-0.70642966
"V264A,G538R",-0.7064944
"N237D,K454R",-0.7079202
"I242A,A488T",-0.70819473
"K147I,P462R",-0.7083218
"V7D,S370T",-0.70832384
"E275D,K363E",-0.7086843
"N81D,A488T",-0.709152
"H87R,I242A",-0.709293
"V7D,D424N",-0.71013695
"V7D,K363E",-0.7101407
"E364G,V493A",-0.71085143
"I242A,G435R",-0.71091765
"H87R,P462R",-0.7113692
"H87R,V513A",-0.7113871
"E43D,I270L",-0.7118006
"V7D,V184E",-0.7126659
"V264A,K336R",-0.7131118
"N33D,N524D",-0.7131653
"N56D,G538R",-0.7133422
"N18S,K454R",-0.7134394
"E189G,K397N",-0.71426725
"I41T,G374C",-0.7143796
"H87R,V460A",-0.71467966
"E364G,P462R",-0.7148488
"S108T,K454R",-0.71501875
"K383R,D441N",-0.7153429
"K510R,N551D",-0.71559465
"H472R,K515R",-0.71592706
"K128N,P462R",-0.7163647
"K454R,F512Y",-0.7168658
"K397N,N555D",-0.71790016
"V294E,V368E",-0.7180949
"H87R,V493A",-0.7183294
"V290G,L553F",-0.71838146
"N81D,V294E",-0.7186818
"Q282L,K336R",-0.7217621
"A488T,N555D",-0.7221704
"K128N,E189G",-0.72332424
"V20I,N33D",-0.7235135
"K454R,P473L",-0.72355586
"V184G,S502C",-0.72361475
"K147I,N551D",-0.7240819
"V184G,L553F",-0.72503304
"V496G,G538R",-0.72685504
"S142P,K454R",-0.727003
"K147I,K534R",-0.7271724
"V145A,K383N",-0.72729367
"V20I,K128N",-0.7283179
"K510R,N524D",-0.7294465
"V184G,K515R",-0.7300897
"V100A,E486G",-0.7320318
"V20I,H87R",-0.7321455
"H472R,K484R",-0.7323589
"Y235C,K383N",-0.7326211
"K128N,N555D",-0.73285466
"I41T,S222G",-0.7331115
"Q282L,V290G",-0.73331743
"M271I,K510R",-0.7335434
"A488T,V493A",-0.73361
"H472R,V480A",-0.73387796
"T115A,K534R",-0.7340532
"E451G,K454R",-0.7344615
"N33D,K534R",-0.73478425
"V294E,P462R",-0.73529786
"K363R,K383N",-0.7360864
"V496A,G538R",-0.737455
"V480A,G538R",-0.7376098
"R25G,V290G",-0.7387654
"T115A,N551D",-0.7392579
"K147I,V493A",-0.73931175
"V368E,K534R",-0.73992425
"V368E,G435R",-0.7408841
"K147I,K410R",-0.7412894
"K147I,M271I",-0.74206924
"N255D,N551D",-0.74221367
"E43D,P394L",-0.7425605
"T267S,K454R",-0.7429014
"R25G,K383R",-0.74328524
"A112E,G374C",-0.7433066
"V184G,S514T",-0.7433582
"K128N,K534R",-0.7438706
"K309Q,H472R",-0.7441151
"F337L,K454R",-0.7441244
"V368E,Y455H",-0.74452275
"G374C,V446A",-0.7445754
"V184G,K484R",-0.7455601
"E43D,I138T",-0.7457897
"K336R,N406D",-0.74637395
"E43D,A550E",-0.7463763
"E364G,K534R",-0.7470572
"H87R,K534R",-0.74766225
"E189G,V294E",-0.74866027
"E364G,N551D",-0.7489923
"K383N,V513A",-0.74911195
"V368E,N551D",-0.7491252
"N33D,K410R",-0.74942684
"V100I,V294E",-0.7501057
"V7D,N56D",-0.75033695
"N81D,G374C",-0.7513221
"K383N,V493A",-0.7515947
"K128N,K410R",-0.75334036
"R25G,K336R",-0.75634444
"E43D,A77T",-0.75672853
"V294E,M483R",-0.75715923
"Y235C,K383R",-0.757212
"E364G,K410R",-0.7580401
"K383N,P462R",-0.7610944
"R263G,K454R",-0.76209915
"G374C,W428R",-0.7622329
"N406D,G538R",-0.7633105
"V290G,S514T",-0.7639121
"Q3R,E43D",-0.76416945
"H87R,N551D",-0.7644151
"K336R,S502C",-0.7653528
"S24T,E43D",-0.7656905
"T2I,E43D",-0.7662857
"E43D,P473L",-0.7673917
"E43D,T289S",-0.7677752
"K454R,V526A",-0.76789117
"H87R,K510R",-0.7681593
"K128N,T529A",-0.7683644
"F274I,K454R",-0.7685284
"K425E,K454R",-0.7686063
"W428R,E486G",-0.7689015
"K383R,P462R",-0.77021927
"Y235C,E486G",-0.77035695
"E43D,S203Y",-0.7712876
"L35P,E43D",-0.77137333
"G374C,V460A",-0.77148294
"G111A,K454R",-0.7725362
"K128N,M271I",-0.7730435
"K397N,N524D",-0.77444386
"M271I,Y455H",-0.77503395
"D424G,K454R",-0.7751139
"I242A,V290G",-0.7754949
"G374C,N555D",-0.7756081
"N81D,K383N",-0.77711165
"M483R,A488T",-0.77794546
"E43D,L137P",-0.7780371
"H216L,K397N",-0.77869177
"I41T,K383R",-0.78011006
"A488T,K534R",-0.7808451
"E43D,F48L",-0.7810355
"K128N,N524D",-0.78118616
"M271I,E364G",-0.78261745
"V460A,E486G",-0.78353894
"N33D,T529A",-0.7836596
"V294E,K534R",-0.7838115
"V368E,G374C",-0.7847463
"V290G,V493A",-0.7859013
"H216L,V294E",-0.7860431
"V184G,Y235C",-0.7862202
"Y235C,G538R",-0.78648597
"K147I,E364G",-0.7868852
"V145A,H472R",-0.7878455
"V145A,S222G",-0.78815013
"H472R,S514T",-0.7881968
"H87R,T529A",-0.78883934
"V145A,K383R",-0.7890351
"V100I,K383N",-0.78979874
"K454R,S505T",-0.79006946
"K454R,P492S",-0.79094297
"H87R,K397N",-0.791129
"V184G,V460A",-0.7912856
"V446A,H472R",-0.791907
"V20I,G374C",-0.79228467
"P462R,H472R",-0.7928233
"E43D,M554T",-0.7933053
"V184G,H216R",-0.793576
"E189G,K383R",-0.7937029
"N81D,G538R",-0.79422206
"E275D,W428R",-0.7944991
"K336R,V446A",-0.7959018
"K128N,G435R",-0.79626065
"M271I,V294E",-0.7964409
"K454R,I523V",-0.79656714
"V145A,G538R",-0.796591
"V294E,K410R",-0.7968272
"K128N,K147I",-0.7976115
"N33D,A488T",-0.79768705
"S222G,V446A",-0.7978714
"K454R,K510M",-0.80046916
"A112E,K336R",-0.8005582
"H216R,G538R",-0.80111295
"N81D,H472R",-0.80132794
"K128N,E364G",-0.80177623
"Y235C,E275D",-0.8042157
"E43D,S142P",-0.8044134
"K336E,G538R",-0.80524594
"V7D,I242A",-0.8056141
"A488T,K510R",-0.8067357
"N33D,V294E",-0.80804896
"E189G,E275D",-0.8091181
"H472R,V513A",-0.80951685
"A112E,G538R",-0.81154734
"E189G,G374C",-0.8118404
"V460A,H472R",-0.8127692
"E43D,I45G",-0.81292385
"M271I,A488T",-0.8133267
"V290G,K363R",-0.81384695
"H216R,E275D",-0.81436944
"K128N,V294E",-0.81498253
"E43D,P536L",-0.8159272
"I242A,K383R",-0.81598055
"S261G,K454R",-0.8161041
"H472R,V493A",-0.81636524
"P462R,G538R",-0.8167683
"K336R,S514T",-0.81837595
"N255D,E364G",-0.8189288
"S222G,V513A",-0.81956565
"E275D,V513A",-0.8208238
"V7D,V513A",-0.8210575
"V7D,Y235C",-0.8214975
"G374C,N551D",-0.8224526
"V20I,H472R",-0.8239081
"G265D,K454R",-0.824661
"E43D,G111A",-0.8258909
"M271I,G374C",-0.826445
"N255D,K397N",-0.82774067
"H87R,N255D",-0.8280827
"K336R,M483R",-0.8299735
"E43D,A112P",-0.8300761
"V294E,E364G",-0.8308729
"H216L,G374C",-0.83092475
"E43D,T422M",-0.8310218
"N255D,V294E",-0.83239603
"V7D,V460A",-0.83243686
"V294E,A488T",-0.8325423
"K383N,N524D",-0.83619946
"Q225R,K454R",-0.8373964
"V100I,V184G",-0.839529
"E43D,R546G",-0.8421643
"I41F,K454R",-0.84280455
"E189G,G538R",-0.84338355
"Q129L,K454R",-0.8481587
"G435R,H472R",-0.8501231
"E43D,N44D",-0.85255986
"H472R,N551D",-0.85493755
"E43D,E381V",-0.8558024
"V294E,G374C",-0.8574176
"N524D,G538R",-0.8609431
"V5A,E43D",-0.8618154
"K336R,K397N",-0.86390156
"V290G,K543E",-0.8644476
"V290G,K534R",-0.8661391
"S222G,N555D",-0.8711639
"V368E,K383R",-0.87149155
"K128N,K383R",-0.8716478
"H216L,K336R",-0.8763082
"H216L,H472R",-0.8769019
"V184G,H216L",-0.87707704
"E43D,K543M",-0.8781863
"V7D,M483R",-0.8829826
"V264A,K454R",-0.8838874
"E43D,Q141L",-0.8852849
"N255D,K383N",-0.88626546
"M271I,V290G",-0.88649106
"M271I,E275D",-0.88677275
"K454R,K484R",-0.8877168
"V184G,K410R",-0.88910526
"K397N,H472R",-0.8910666
"N33D,H472R",-0.8920448
"H87R,H472R",-0.892195
"V7D,T115A",-0.89226806
"E43D,Q129L",-0.89327776
"V184G,K510R",-0.8944921
"K128N,H472R",-0.9012888
"V290G,V294E",-0.9025534
"V294E,E486G",-0.9043758
"K383R,A488T",-0.9047553
"K454R,V480A",-0.910135
"E275D,K397N",-0.91197735
"K397N,G538R",-0.9121532
"H87R,G538R",-0.91354537
"E43D,V197E",-0.9135638
"V294E,H472R",-0.91499597
"V7D,K510R",-0.9151338
"H216L,S222G",-0.91554034
"K147I,V290G",-0.91999567
"S222G,K534R",-0.92190945
"V290G,A488T",-0.923512
"K383N,E486G",-0.9243502
"A488T,G538R",-0.92524505
"S222G,V294E",-0.92538875
"V7D,Y455H",-0.92844486
"K147I,V184G",-0.9298767
"N406D,K454R",-0.9348795
"S222G,K510R",-0.9365908
"K454R,S502C",-0.94050306
"S222G,G435R",-0.94177413
"S222G,K397N",-0.9442118
"K336R,G374C",-0.94578016
"N33D,S222G",-0.9477227
"E43D,Q282L",-0.94915915
"Y235C,K454R",-0.9521877
"G374C,G538R",-0.9537845
"E43D,K484R",-0.9545294
"V290G,K383N",-0.9548341
"S222G,A488T",-0.9565894
"H87R,S222G",-0.957259
"W428R,K454R",-0.9634686
"I41T,K454R",-0.9637642
"E275D,K383N",-0.96749794
"V7D,A488T",-0.96810097
"K147I,S222G",-0.9803497
"K454R,K534R",-0.99255574
"V290G,K383R",-0.9938315
"H472R,G538R",-0.9942532
"E275D,G538R",-1.007436
"E43D,V184E",-1.0142084
"V184G,H472R",-1.0145841
"K454R,M483R",-1.0198367
"V290G,G538R",-1.0203444
"I41T,E43D",-1.0203794
"K454R,K510R",-1.021754
"V7D,E486G",-1.022661
"K454R,N551D",-1.0239439
"V184G,K336R",-1.0242743
"E43D,Y235C",-1.032502
"E43D,E189G",-1.0353581
"V7D,K336R",-1.0380063
"E43D,S502C",-1.0391308
"V7D,H472R",-1.0392705
"K454R,N524D",-1.040523
"S222G,H472R",-1.0463735
"K454R,K543E",-1.0471196
"E43D,K336E",-1.0501707
"E43D,P462R",-1.0520868
"K128N,K454R",-1.0594774
"E43D,V493A",-1.0613995
"H216L,K454R",-1.061915
"K454R,T529A",-1.0655074
"V7D,S222G",-1.0771965
"N33D,E43D",-1.100854
"K383N,K454R",-1.1095641
"K383R,K454R",-1.1167264
"E43D,E364G",-1.1183212
"E43D,K128N",-1.1387701
"K454R,E486G",-1.1391858
"G374C,K454R",-1.1392244
"E43D,H87R",-1.1430486
"E43D,V294E",-1.1731669
"V290G,K454R",-1.1834584
"E43D,E486G",-1.1985162
"E43D,G374C",-1.2171125
"V7D,K454R",-1.22381
"E43D,G538R",-1.2364806
